# KN1,E,l,j,2j+1,N =   2  -0.04600   2  1.5   41201
 0.0004999999888241291 0.
 0.05 0.00000877505561903598
 0.1 0.00007233254468383448
 0.15000000000000002 0.00024372149566191905
 0.2 0.0005763453620202043
 0.25 0.0011224810117833
 0.30000000000000004 0.0019330772063861491
 0.35000000000000003 0.003057465529590223
 0.4 0.004543062625111125
 0.45 0.006435078719187855
 0.5 0.008776236705071376
 0.55 0.011606503968314377
 0.6000000000000001 0.014962838598865425
 0.65 0.01887895145022859
 0.7000000000000001 0.023385085404403576
 0.75 0.02850781313254322
 0.8 0.03426985454065418
 0.8500000000000001 0.040689915033289226
 0.9 0.04778254564699251
 0.9500000000000001 0.05555802598061339
 1. 0.06402227086224874
 1.05 0.07317676140732796
 1.1 0.0830185012459725
 1.1500000000000001 0.0935399983829411
 1.2000000000000002 0.10472927319408296
 1.25 0.1165698928877177
 1.3 0.12904103253796678
 1.35 0.14211756289072397
 1.4000000000000001 0.15577016481868497
 1.4500000000000002 0.1699654701184952
 1.5 0.18466622847849617
 1.55 0.19983150000890004
 1.6 0.21541687278648203
 1.6500000000000001 0.23137470433518936
 1.7000000000000002 0.24765438640978144
 1.75 0.26420263159313706
 1.8 0.28096378059493765
 1.85 0.29788012871164554
 1.9000000000000001 0.3148922697372668
 1.9500000000000002 0.3319394552122349
 2. 0.3489599672899638
 2.0500000000000003 0.3658915027908477
 2.1 0.3826715661065191
 2.15 0.3992378679403338
 2.2 0.4155287277605209
 2.25 0.4314834762069318
 2.3000000000000003 0.44704285488152934
 2.35 0.4621494101573317
 2.4000000000000004 0.47674787736983054
 2.45 0.4907855522765093
 2.5 0.5042126456003151
 2.5500000000000003 0.5169826181160619
 2.6 0.5290524918501471
 2.6500000000000004 0.5403831341774061
 2.7 0.5509395114841438
 2.75 0.5606909094936221
 2.8000000000000003 0.5696111167397019
 2.85 0.5776785690706548
 2.9000000000000004 0.5848764530370952
 2.95 0.5911927660432629
 3. 0.5966203318236878
 3.0500000000000003 0.6011567710667385
 3.1 0.6048044272056815
 3.1500000000000004 0.6075702474395707
 3.2 0.6094656206722319
 3.25 0.6105061744815411
 3.3000000000000003 0.6107115334101537
 3.35 0.6101050422945272
 3.4000000000000004 0.6087134590829509
 3.45 0.6065666207593808
 3.5 0.6036970881314005
 3.5500000000000003 0.6001397746724156
 3.6 0.5959315647337472
 3.6500000000000004 0.5911109274400056
 3.7 0.5857175311330538
 3.75 0.5797918708566033
 3.8000000000000003 0.5733749699640309
 3.85 0.5665081078103514
 3.9000000000000004 0.55923248706372
 3.95 0.5515889166622164
 4. 0.5436175211446187
 4.05 0.5353574793128315
 4.1000000000000005 0.526846793495073
 4.15 0.5181220903824517
 4.2 0.5092184537846232
 4.25 0.5001692884370703
 4.3 0.4910062144014361
 4.3500000000000005 0.48175899012730866
 4.4 0.4724554625971158
 4.45 0.46312154221992685
 4.5 0.4537812001700204
 4.55 0.4444564857034251
 4.6000000000000005 0.4351675607549794
 4.65 0.4259327493638722
 4.7 0.416768610818889
 4.75 0.40768997720738287
 4.800000000000001 0.3987100669966576
 4.8500000000000005 0.3898405588672409
 4.9 0.3810916807422268
 4.95 0.37247230109660195
 5. 0.36399002107415646
 5.050000000000001 0.355651266256873
 5.1000000000000005 0.3474613769311877
 5.15 0.33942469614111953
 5.2 0.3315446547779814
 5.25 0.32382385315381634
 5.300000000000001 0.3162641387344077
 5.3500000000000005 0.30886667969007614
 5.4 0.3016320341448791
 5.45 0.29456021501011875
 5.5 0.2876507503923263
 5.550000000000001 0.28090273962860346
 5.6000000000000005 0.27431490506637307
 5.65 0.26788563969569934
 5.7 0.2616130508023952
 5.75 0.25549499985671525
 5.800000000000001 0.24952913880130376
 5.8500000000000005 0.24371294297959578
 5.9 0.23804374089728095
 5.95 0.23251874103675438
 6. 0.22713505594390004
 6.050000000000001 0.22188972378243724
 6.1000000000000005 0.21677972756284503
 6.15 0.21180201222764275
 6.2 0.2069534997839809
 6.25 0.20223110264489005
 6.300000000000001 0.1976317353465374
 6.3500000000000005 0.19315232478822172
 6.4 0.18878981913558307
 6.45 0.18454119551926362
 6.5 0.18040346664105647
 6.550000000000001 0.17637368640607512
 6.6000000000000005 0.17244895467762494
 6.65 0.16862642124650043
 6.7 0.16490328910292612
 6.75 0.1612768170848916
 6.800000000000001 0.15774432197346513
 6.8500000000000005 0.15430318009895183
 6.9 0.15095082851592434
 6.95 0.1476847657971548
 7. 0.1445025524952299
 7.050000000000001 0.14140181131255863
 7.1000000000000005 0.13838022701846261
 7.15 0.135435546146509
 7.2 0.13256557650313505
 7.25 0.12976818651431213
 7.300000000000001 0.12704130443469142
 7.3500000000000005 0.12438291744066277
 7.4 0.12179107062639861
 7.45 0.11926386592002305
 7.5 0.11679946093528985
 7.550000000000001 0.11439606777133055
 7.6000000000000005 0.11205195177267054
 7.65 0.10976543025996385
 7.7 0.10753487123987923
 7.75 0.10535869210250688
 7.800000000000001 0.10323535831298793
 7.8500000000000005 0.10116338210337704
 7.9 0.09914132116966448
 7.95 0.0971677773786292
 8. 0.09524139548812723
 8.05 0.09336086188409402
 8.1 0.09152490333677937
 8.15 0.0897322857787448
 8.200000000000001 0.08798181310616711
 8.25 0.08627232600515604
 8.3 0.08460270080412895
 8.35 0.08297184835317638
 8.4 0.08137871293117399
 8.450000000000001 0.07982227118097
 8.5 0.07830153107307086
 8.55 0.07681553089786097
 8.6 0.07536333828637036
 8.65 0.07394404925947215
 8.700000000000001 0.07255678730529554
 8.75 0.07120070248450348
 8.8 0.06987497056313455
 8.85 0.0685787921724698
 8.9 0.0673113919955042
 8.950000000000001 0.06607201797945368
 9. 0.06485994057375039
 9.05 0.06367445199294305
 9.1 0.06251486550385388
 9.15 0.06138051473641519
 9.200000000000001 0.060270753017515125
 9.25 0.05918495272723859
 9.3 0.05812250467683023
 9.35 0.057082817507778834
 9.4 0.056065317111352785
 9.450000000000001 0.055069446067963754
 9.5 0.05409466310574198
 9.55 0.05314044257770224
 9.600000000000001 0.052206273956899266
 9.65 0.051291661348974595
 9.700000000000001 0.050396123021523284
 9.75 0.04951919094970304
 9.8 0.04866041037754657
 9.850000000000001 0.04781933939442418
 9.9 0.046995548526144876
 9.950000000000001 0.046188620340176297
 10. 0.04539814906449566
 10.05 0.04462374021958786
 10.100000000000001 0.04386501026312627
 10.15 0.04312158624688839
 10.200000000000001 0.04239310548546519
 10.25 0.04167921523634542
 10.3 0.04097957239096617
 10.350000000000001 0.04029384317633688
 10.4 0.03962170286685321
 10.450000000000001 0.03896283550593477
 10.5 0.03831693363713257
 10.55 0.03768369804436368
 10.600000000000001 0.03706283750094251
 10.65 0.03645406852709036
 10.700000000000001 0.0358571151556184
 10.75 0.03527170870548642
 10.8 0.03469758756295368
 10.850000000000001 0.03413449697004768
 10.9 0.03358218882008632
 10.950000000000001 0.033040421459999476
 11. 0.03250895949920491
 11.05 0.03198757362480253
 11.100000000000001 0.03147604042286001
 11.15 0.030974142205571965
 11.200000000000001 0.03048166684408146
 11.25 0.029998407606762128
 11.3 0.029524163002765495
 11.350000000000001 0.02905873663064666
 11.4 0.028601937031887365
 11.450000000000001 0.02815357754914333
 11.5 0.027713476189048156
 11.55 0.027281455489413405
 11.600000000000001 0.026857342390669926
 11.65 0.026440968111401543
 11.700000000000001 0.026032168027827735
 11.75 0.025630781557097294
 11.8 0.02523665204426012
 11.850000000000001 0.024849626652789447
 11.9 0.024469556258531262
 11.950000000000001 0.024096295346962827
 12. 0.023729701913645714
 12.05 0.02336963736776419
 12.100000000000001 0.023015966438642642
 12.15 0.02266855708514075
 12.200000000000001 0.022327280407828092
 12.25 0.021992010563843856
 12.3 0.021662624684350908
 12.350000000000001 0.021339002794496274
 12.4 0.021021027735794093
 12.450000000000001 0.020708585090849545
 12.5 0.02040156311034541
 12.55 0.020099852642216105
 12.600000000000001 0.019803347062936124
 12.65 0.019511942210853155
 12.700000000000001 0.019225536321498107
 12.75 0.018944029964807096
 12.8 0.018667325984192636
 12.850000000000001 0.018395329437403456
 12.9 0.018127947539114706
 12.950000000000001 0.017865089605192282
 13. 0.01760666699857702
 13.05 0.017352593076736415
 13.100000000000001 0.017102783140633467
 13.15 0.016857154385163907
 13.200000000000001 0.01661562585101492
 13.25 0.01637811837789987
 13.3 0.01614455455912557
 13.350000000000001 0.015914858697449578
 13.4 0.015688956762187033
 13.450000000000001 0.015466776347527552
 13.5 0.015248246632024289
 13.55 0.01503329833921847
 13.600000000000001 0.014821863699364037
 13.65 0.014613876412218167
 13.700000000000001 0.014409271610864713
 13.75 0.014207985826538618
 13.8 0.014009956954420545
 13.850000000000001 0.0138151242203719
 13.9 0.01362342814858155
 13.950000000000001 0.013434810530096418
 14. 0.01324921439220904
 14.05 0.013066583968676252
 14.100000000000001 0.012886864670743781
 14.15 0.012710003058952543
 14.200000000000001 0.012535946815703202
 14.25 0.012364644718556257
 14.3 0.01219604661424578
 14.350000000000001 0.012030103393385536
 14.4 0.011866766965847026
 14.450000000000001 0.011705990236789537
 14.5 0.011547727083323052
 14.55 0.011391932331785412
 14.600000000000001 0.011238561735615736
 14.65 0.01108757195380673
 14.700000000000001 0.010938920529919058
 14.75 0.010792565871641381
 14.8 0.010648467230880414
 14.850000000000001 0.01050658468436564
 14.9 0.010366879114753893
 14.950000000000001 0.01022931219221952
 15. 0.010093846356516237
 15.05 0.009960444799497217
 15.100000000000001 0.009829071448080455
 15.15 0.009699690947646734
 15.200000000000001 0.009572268645858051
 15.25 0.0094467705768846
 15.3 0.009323163446028909
 15.350000000000001 0.009201414614735972
 15.4 0.00908149208597863
 15.450000000000001 0.008963364490007775
 15.5 0.00884700107045722
 15.55 0.00873237167079347
 15.600000000000001 0.00861944672110085
 15.65 0.008508197225192787
 15.700000000000001 0.00839859474804031
 15.75 0.008290611403509073
 15.8 0.008184219842396525
 15.850000000000001 0.008079393240761007
 15.9 0.007976105288534959
 15.950000000000001 0.007874330178414463
 16. 0.007774042595017735
 16.05 0.007675217704305312
 16.1 0.00757783114325492
 16.150000000000002 0.007481859009784245
 16.2 0.007387277852914944
 16.25 0.007294064663171558
 16.3 0.007202196863209033
 16.35 0.0071116522986628405
 16.400000000000002 0.007022409229215841
 16.45 0.0069344463198761554
 16.5 0.006847742632460564
 16.55 0.006762277617277996
 16.6 0.00667803110500795
 16.650000000000002 0.006594983298768766
 16.7 0.006513114766370779
 16.75 0.006432406432749645
 16.8 0.0063528395725751365
 16.85 0.00627439580303092
 16.900000000000002 0.006197057076760916
 16.95 0.006120805674977992
 17. 0.006045624200730843
 17.05 0.005971495572325017
 17.1 0.005898403016894194
 17.150000000000002 0.0058263300641179004
 17.2 0.005755260540081978
 17.25 0.0056851785612781845
 17.3 0.005616068528739443
 17.35 0.0055479151223073704
 17.400000000000002 0.005480703295028722
 17.45 0.005414418267677581
 17.5 0.005349045523400167
 17.55 0.005284570802479184
 17.6 0.005220980097214796
 17.650000000000002 0.00515825964691933
 17.7 0.005096395933022901
 17.75 0.00503537567428726
 17.8 0.004975185822125183
 17.85 0.004915813556022853
 17.900000000000002 0.0048572462790627
 17.95 0.004799471613544283
 18. 0.0047424773967008095
 18.05 0.004686251676509005
 18.1 0.004630782707590054
 18.150000000000002 0.004576058947199453
 18.2 0.004522069051303604
 18.25 0.004468801870741107
 18.3 0.004416246447466699
 18.35 0.004364392010875879
 18.400000000000002 0.004313227974208327
 18.45 0.004262743931028189
 18.5 0.00421292965177948
 18.55 0.004163775080414761
 18.6 0.00411527033109544
 18.650000000000002 0.004067405684961937
 18.7 0.004020171586972138
 18.75 0.003973558642806514
 18.8 0.003927557615838335
 18.85 0.003882159424167506
 18.900000000000002 0.0038373551377165085
 18.95 0.0037931359753870294
 19. 0.0037494933022758723
 19.05 0.003706418626948777
 19.1 0.003663903598770825
 19.150000000000002 0.0036219400052921284
 19.200000000000003 0.003580519769687535
 19.25 0.0035396349482491145
 19.3 0.0034992777279302368
 19.35 0.0034594404239400426
 19.400000000000002 0.003420115477387189
 19.450000000000003 0.003381295452971749
 19.5 0.0033429730367241575
 19.55 0.0033051410337901796
 19.6 0.00326779236626083
 19.650000000000002 0.00323092007104626
 19.700000000000003 0.003194517297792619
 19.75 0.0031585773068409347
 19.8 0.0031230934672270673
 19.85 0.003088059254721833
 19.900000000000002 0.0030534682499104063
 19.950000000000003 0.003019314136310127
 20. 0.0029855906985258632
 20.05 0.00295229182044211
 20.1 0.002919411483451005
 20.150000000000002 0.0028869437647154874
 20.200000000000003 0.0028548828354668172
 20.25 0.00282322295933571
 20.3 0.00279195849071636
 20.35 0.002761083873162624
 20.400000000000002 0.002730593637815678
 20.450000000000003 0.002700482401862463
 20.5 0.002670744867024254
 20.55 0.0026413758180746988
 20.6 0.0026123701213866977
 20.650000000000002 0.002583722723507507
 20.700000000000003 0.00255542864976145
 20.75 0.002527483002879662
 20.8 0.0024998809616562766
 20.85 0.0024726177796304994
 20.900000000000002 0.002445688783794019
 20.950000000000003 0.0024190893733232136
 21. 0.0023928150183356346
 21.05 0.0023668612586702454
 21.1 0.0023412237026909253
 21.150000000000002 0.0023158980261127455
 21.200000000000003 0.0022908799708505363
 21.25 0.002266165343889277
 21.3 0.00224175001617587
 21.35 0.002217629921531822
 21.400000000000002 0.0021938010555864283
 21.450000000000003 0.0021702594747300156
 21.5 0.002147001295086834
 21.55 0.002124022691507189
 21.6 0.002101319896578421
 21.650000000000002 0.002078889199654339
 21.700000000000003 0.002056726945902734
 21.75 0.0020348295353705905
 21.8 0.0020131934220666533
 21.85 0.0019918151130609717
 21.900000000000002 0.0019706911676010937
 21.950000000000003 0.001949818196244561
 22. 0.0019291928600073736
 22.05 0.001908811869528112
 22.1 0.0018886719842473778
 22.150000000000002 0.001868770011602268
 22.200000000000003 0.0018491028062355645
 22.25 0.0018296672692193442
 22.3 0.0018104603472927278
 22.35 0.0017914790321134758
 22.400000000000002 0.0017727203595231573
 22.450000000000003 0.0017541814088256247
 22.5 0.0017358593020785215
 22.55 0.001717751203397573
 22.6 0.0016998543182733974
 22.650000000000002 0.0016821658929005953
 22.700000000000003 0.0016646832135188705
 22.75 0.0016474036057659534
 22.8 0.0016303244340420816
 22.85 0.001613443100885818
 22.900000000000002 0.0015967570463609863
 22.950000000000003 0.0015802637474545001
 23. 0.001563960717484877
 23.05 0.0015478455055212273
 23.1 0.001531915695812511
 23.150000000000002 0.001516168907226871
 23.200000000000003 0.001500602792700837
 23.25 0.0014852150386982185
 23.3 0.0014700033646784932
 23.35 0.0014549655225745068
 23.400000000000002 0.0014400992962793134
 23.450000000000003 0.001425402501141969
 23.5 0.0014108729834721157
 23.55 0.0013965086200531866
 23.6 0.001382307317664057
 23.650000000000002 0.0013682670126089972
 23.700000000000003 0.001354385670255755
 23.75 0.001340661284581619
 23.8 0.001327091877727312
 23.85 0.0013136754995585617
 23.900000000000002 0.0013004102272352097
 23.950000000000003 0.0012872941647877115
 24. 0.0012743254427008887
 24.05 0.0012615022175048013
 24.1 0.0012488226713725996
 24.150000000000002 0.001236285011725231
 24.200000000000003 0.001223887470842871
 24.25 0.0012116283054829505
 24.3 0.0011995057965046606
 24.35 0.0011875182484998121
 24.400000000000002 0.001175663989429931
 24.450000000000003 0.001163941370269476
 24.5 0.0011523487646550629
 24.55 0.0011408845685405872
 24.6 0.0011295471998581347
 24.650000000000002 0.0011183350981845694
 24.700000000000003 0.001107246724413706
 24.75 0.0010962805604339486
 24.8 0.0010854351088113105
 24.85 0.0010747088924777043
 24.900000000000002 0.0010641004544244164
 24.950000000000003 0.0010536083574006622
 25. 0.0010432311836171373
 25.05 0.001032967534454469
 25.1 0.0010228160301764808
 25.150000000000002 0.001012775309648182
 25.200000000000003 0.0010028440300584
 25.25 0.0009930208666469663
 25.3 0.0009833045124363795
 25.35 0.0009736936779678603
 25.400000000000002 0.0009641870910417228
 25.450000000000003 0.0009547834964619836
 25.5 0.0009454816557851318
 25.55 0.000936280347072989
 25.6 0.0009271783646495804
 25.650000000000002 0.0009181745188619517
 25.700000000000003 0.0009092676358448596
 25.75 0.0009004565572892627
 25.8 0.0008917401402145549
 25.85 0.0008831172567444655
 25.900000000000002 0.0008745867938865656
 25.950000000000003 0.00086614765331532
 26. 0.0008577987511586142
 26.05 0.0008495390177877063
 26.1 0.0008413673976105318
 26.150000000000002 0.0008332828488683119
 26.200000000000003 0.0008252843434354046
 26.25 0.0008173708666223386
 26.3 0.0008095414169819799
 26.35 0.0008017950061187737
 26.400000000000002 0.0007941306585010067
 26.450000000000003 0.0007865474112760414
 26.5 0.000779044314088468
 26.55 0.0007716204289011238
 26.6 0.0007642748298189316
 26.650000000000002 0.0007570066029155058
 26.700000000000003 0.0007498148460624844
 26.75 0.0007426986687615329
 26.8 0.0007356571919789792
 26.85 0.0007286895479830317
 26.900000000000002 0.0007217948801835395
 26.950000000000003 0.0007149723429742466
 27. 0.0007082211015775031
 27.05 0.0007015403318913868
 27.1 0.0006949292203391967
 27.150000000000002 0.0006883869637212778
 27.200000000000003 0.0006819127690691382
 27.25 0.0006755058535018169
 27.3 0.0006691654440844694
 27.35 0.0006628907776891273
 27.400000000000002 0.000656681100857602
 27.450000000000003 0.000650535669666491
 27.5 0.0006444537495942534
 27.55 0.0006384346153903228
 27.6 0.0006324775509462164
 27.650000000000002 0.0006265818491686157
 27.700000000000003 0.0006207468118543789
 27.75 0.0006149717495674565
 27.8 0.0006092559815176763
 27.85 0.00060359883544137
 27.900000000000002 0.0005979996474838052
 27.950000000000003 0.0005924577620834001
 28. 0.0005869725318576851
 28.05 0.0005815433174909865
 28.1 0.0005761694876238004
 28.150000000000002 0.0005708504187438335
 28.200000000000003 0.0005655854950786794
 28.25 0.0005603741084901052
 28.3 0.0005552156583699215
 28.35 0.0005501095515374112
 28.400000000000002 0.0005450552021382901
 28.450000000000003 0.0005400520315451738
 28.5 0.000535099468259529
 28.55 0.0005301969478150826
 28.6 0.000525343912682666
 28.650000000000002 0.0005205398121764699
 28.700000000000003 0.0005157841023616899
 28.75 0.0005110762459635363
 28.8 0.0005064157122775896
 28.85 0.0005018019770814781
 28.900000000000002 0.0004972345225478558
 28.950000000000003 0.0004927128371586625
 29. 0.00048823641562064095
 29.05 0.0004838047587820968
 29.1 0.00047941737355087507
 29.150000000000002 0.0004750737728135387
 29.200000000000003 0.00047077347535572723
 29.25 0.0004665160057836783
 29.3 0.0004623008944468918
 29.35 0.00045812767736192036
 29.400000000000002 0.00045399589613726667
 29.450000000000003 0.0004499050978993719
 29.5 0.0004458548352196749
 29.55 0.00044184466604272986
 29.6 0.0004378741536153603
 29.650000000000002 0.0004339428664168373
 29.700000000000003 0.0004300503780900647
 29.75 0.00042619626737375367
 29.8 0.00042238011803557337
 29.85 0.0004186015188062616
 29.900000000000002 0.0004148600633146798
 29.950000000000003 0.0004111553500237986
 30. 0.0004074869821675984
 30.05 0.0004038545676888721
 30.1 0.0004002577191779137
 30.150000000000002 0.0003966960538120821
 30.200000000000003 0.00039316919329622334
 30.25 0.0003896767638039397
 30.3 0.00038621839591969267
 30.35 0.0003827937245817263
 30.400000000000002 0.00037940238902579767
 30.450000000000003 0.00037604403272970373
 30.5 0.0003727183033585908
 30.55 0.0003694248527110351
 30.6 0.00036616333666588253
 30.650000000000002 0.0003629334151298364
 30.700000000000003 0.0003597347519857803
 30.75 0.000356567015041827
 30.8 0.0003534298759810808
 30.85 0.00035032301031210164
 30.900000000000002 0.00034724609732006303
 30.950000000000003 0.0003441988200185907
 31. 0.0003411808651022723
 31.05 0.00033819192289982904
 31.1 0.00033523168732793726
 31.150000000000002 0.0003322998558456918
 31.200000000000003 0.0003293961294097018
 31.25 0.00032652021242980575
 31.3 0.0003236718127254022
 31.35 0.0003208506414823817
 31.400000000000002 0.00031805641321065416
 31.450000000000003 0.00031528884570226033
 31.5 0.00031254765999006134
 31.55 0.0003098325803069951
 31.6 0.00030714333404589225
 31.650000000000002 0.00030447965171984315
 31.700000000000003 0.0003018412669231082
 31.75 0.000299227916292562
 31.8 0.0002966393394696657
 31.85 0.00029407527906295594
 31.900000000000002 0.00029153548061104737
 31.950000000000003 0.00028901969254613763
 32. 0.0002865276661580085
 32.050000000000004 0.00028405915555851634
 32.1 0.00028161391764656366
 32.15 0.00027919171207354556
 32.2 0.00027679230120926347
 32.25 0.0002744154501082995
 32.300000000000004 0.00027206092647684497
 32.35 0.0002697285006399756
 32.4 0.0002674179455093674
 32.45 0.00026512903655144776
 32.5 0.00026286155175597243
 32.550000000000004 0.00026061527160502624
 32.6 0.0002583899790424372
 32.65 0.00025618545944360195
 32.7 0.0002540015005857127
 32.75 0.00025183789261838316
 32.800000000000004 0.0002496944280346656
 32.85 0.00024757090164245413
 32.9 0.00024546711053626826
 32.95 0.0002433828540694122
 33. 0.00024131793382650208
 33.050000000000004 0.00023927215359635992
 33.1 0.00023724531934526388
 33.15 0.0002352372391905548
 33.2 0.00023324772337458938
 33.25 0.00023127658423903837
 33.300000000000004 0.00022932363619952346
 33.35 0.00022738869572058729
 33.4 0.0002254715812909939
 33.45 0.00022357211339935233
 33.5 0.00022169011451006088
 33.550000000000004 0.00021982540903956659
 33.6 0.00021797782333293482
 33.65 0.00021614718564072648
 33.7 0.00021433332609617576
 33.75 0.0002125360766926666
 33.800000000000004 0.00021075527126150252
 33.85 0.00020899074544996534
 33.9 0.00020724233669965967
 33.95 0.00020550988422513857
 34. 0.00020379322899280583
 34.050000000000004 0.00020209221370009282
 34.1 0.0002004066827549035
 34.15 0.00019873648225532614
 34.2 0.00019708145996960677
 34.25 0.00019544146531638053
 34.300000000000004 0.0001938163493451585
 34.35 0.00019220596471706476
 34.4 0.00019061016568582193
 34.45 0.00018902880807898054
 34.5 0.00018746174927938868
 34.550000000000004 0.00018590884820690013
 34.6 0.00018436996530031544
 34.65 0.00018284496249955492
 34.7 0.00018133370322805868
 34.75 0.0001798360523754109
 34.800000000000004 0.00017835187628018656
 34.85 0.00017688104271301532
 34.9 0.00017542342085986168
 34.95 0.00017397888130551655
 35. 0.0001725472960172993
 35.050000000000004 0.00017112853832896552
 35.1 0.00016972248292481868
 35.15 0.000168329005824023
 35.2 0.0001669479843651143
 35.25 0.00016557929719070592
 35.300000000000004 0.000164222824232388
 35.35 0.0001628784466958164
 35.4 0.00016154604704598968
 35.45 0.0001602255089927104
 35.5 0.00015891671747622917
 35.550000000000004 0.00015761955865306907
 35.6 0.00015633391988202673
 35.65 0.00015505968971034928
 35.7 0.00015379675786008376
 35.75 0.00015254501521459678
 35.800000000000004 0.00015130435380526265
 35.85 0.00015007466679831666
 35.9 0.00014885584848187274
 35.95 0.00014764779425310222
 36. 0.00014645040060557094
 36.050000000000004 0.00014526356511673525
 36.1 0.0001440871864355909
 36.15 0.00014292116427047627
 36.2 0.00014176539937702572
 36.25 0.00014061979354627205
 36.300000000000004 0.0001394842495928953
 36.35 0.0001383586713436171
 36.4 0.0001372429636257373
 36.45 0.0001361370322558118
 36.5 0.00013504078402846954
 36.550000000000004 0.0001339541267053669
 36.6 0.0001328769690042771
 36.65 0.00013180922058831382
 36.7 0.00013075079205528603
 36.75 0.0001297015949271836
 36.800000000000004 0.00012866154163979087
 36.85 0.0001276305455324271
 36.9 0.0001266085208378117
 36.95 0.0001255953826720535
 37. 0.00012459104702476065
 37.050000000000004 0.00012359543074927183
 37.1 0.00012260845155300537
 37.15 0.0001216300279879254
 37.2 0.0001206600794411237
 37.25 0.0001196985261255154
 37.300000000000004 0.00011874528907064713
 37.35 0.00011780029011361605
 37.4 0.0001168634518900987
 37.45 0.00011593469782548782
 37.5 0.00011501395212613564
 37.550000000000004 0.00011410113977070301
 37.6 0.00011319618650161183
 37.65 0.00011229901881660069
 37.7 0.00011140956396038123
 37.75 0.0001105277499163949
 37.800000000000004 0.00010965350539866793
 37.85 0.00010878675984376407
 37.9 0.00010792744340283315
 37.95 0.00010707548693375471
 38. 0.00010623082199337504
 38.050000000000004 0.00010539338082983696
 38.1 0.00010456309637500053
 38.15 0.0001037399022369541
 38.2 0.00010292373269261414
 38.25 0.00010211452268041272
 38.300000000000004 0.00010131220779307194
 38.35 0.00010051672427046363
 38.400000000000006 0.00009972800899255364
 38.45 0.00009894599947242939
 38.5 0.00009817063384940977
 38.550000000000004 0.0000974018508822363
 38.6 0.00009663958994234441
 38.650000000000006 0.00009588379100721408
 38.7 0.00009513439465379836
 38.75 0.00009439134205202948
 38.800000000000004 0.00009365457495840082
 38.85 0.00009292403570962428
 38.900000000000006 0.00009219966721636192
 38.95 0.00009148141295703078
 39. 0.00009076921697168058
 39.050000000000004 0.00009006302385594225
 39.1 0.00008936277875504767
 39.150000000000006 0.00008866842735791876
 39.2 0.00008797991589132543
 39.25 0.00008729719111411176
 39.300000000000004 0.00008662020031148899
 39.35 0.00008594889128939476
 39.400000000000006 0.00008528321236891826
 39.45 0.00008462311238078921
 39.5 0.00008396854065993145
 39.550000000000004 0.00008331944704007905
 39.6 0.00008267578184845462
 39.650000000000006 0.00008203749590050949
 39.7 0.000081404540494724
 39.75 0.00008077686740746827
 39.800000000000004 0.00008015442888792158
 39.85 0.00007953717765305078
 39.900000000000006 0.00007892506688264593
 39.95 0.00007831805021441316
 40. 0.0000777160817391238
 40.050000000000004 0.00007711911599581912
 40.1 0.00007652710796706988
 40.150000000000006 0.0000759400130742903
 40.2 0.00007535778717310521
 40.25 0.00007478038654877064
 40.300000000000004 0.00007420776791164611
 40.35 0.00007363988839271888
 40.400000000000006 0.00007307670553917914
 40.45 0.00007251817731004524
 40.5 0.00007196426207183905
 40.550000000000004 0.00007141491859431009
 40.6 0.0000708701060462084
 40.650000000000006 0.0000703297839911052
 40.7 0.00006979391238326093
 40.75 0.00006926245156353997
 40.800000000000004 0.00006873536225537171
 40.85 0.00006821260556075694
 40.900000000000006 0.00006769414295631973
 40.95 0.00006717993628940328
 41. 0.00006666994777421032
 41.050000000000004 0.00006616413998798637
 41.1 0.00006566247586724641
 41.150000000000006 0.00006516491870404365
 41.2 0.00006467143214228022
 41.25 0.00006418198017405927
 41.300000000000004 0.00006369652713607795
 41.35 0.0000632150377060607
 41.400000000000006 0.00006273747689923243
 41.45 0.00006226381006483118
 41.5 0.00006179400288265966
 41.550000000000004 0.00006132802135967522
 41.6 0.000060865831826617855
 41.650000000000006 0.000060407400934675785
 41.7 0.000059952695652188
 41.75 0.000059501683261383634
 41.800000000000004 0.00005905433135515744
 41.85 0.000058610607833880894
 41.900000000000006 0.00005817048090224908
 41.95 0.00005773391906616193
 42. 0.00005730089112964042
 42.050000000000004 0.000056871366191776675
 42.1 0.00005644531364371772
 42.150000000000006 0.00005602270316568264
 42.2 0.00005560350472401257
 42.25 0.000055187688568253134
 42.300000000000004 0.00005477522522826911
 42.35 0.00005436608551139072
 42.400000000000006 0.000053960240499591384
 42.45 0.00005355766154669633
 42.5 0.0000531583202756219
 42.550000000000004 0.00005276218857564523
 42.6 0.000052369238599703505
 42.650000000000006 0.000051979442761723117
 42.7 0.00005159277373397779
 42.75 0.00005120920444447569
 42.800000000000004 0.00005082870807437495
 42.85 0.000050451258055427425
 42.900000000000006 0.0000500768280674503
 42.95 0.00004970539203582528
 43. 0.00004933692412902474
 43.050000000000004 0.000048971398756165134
 43.1 0.000048608790564586566
 43.150000000000006 0.00004824907443745902
 43.2 0.00004789222549141412
 43.25 0.000047538219074202895
 43.300000000000004 0.00004718703076237868
 43.35 0.00004683863635900514
 43.400000000000006 0.00004649301189138905
 43.45 0.00004615013360883755
 43.5 0.00004580997798043956
 43.550000000000004 0.00004547252169287113
 43.6 0.000045137741648224366
 43.650000000000006 0.000044805614961859846
 43.7 0.000044476118960281925
 43.75 0.00004414923117903703
 43.800000000000004 0.0000438249293606344
 43.85 0.00004350319145248916
 43.900000000000006 0.00004318399560488744
 43.95 0.0000428673201689733
 44. 0.00004255314369475703
 44.050000000000004 0.000042241444929145004
 44.1 0.0000419322028139903
 44.150000000000006 0.000041625396484164275
 44.2 0.00004132100526564871
 44.25 0.00004101900867364814
 44.300000000000004 0.00004071938641072241
 44.35 0.000040422118364939005
 44.400000000000006 0.00004012718460804512
 44.45 0.00003983456539365894
 44.5 0.00003954424115548032
 44.550000000000004 0.000039256192505520325
 44.6 0.00003897040023234949
 44.650000000000006 0.0000386868452993647
 44.7 0.00003840550884307432
 44.75 0.00003812637217140154
 44.800000000000004 0.000037849416762005524
 44.85 0.00003757462426062026
 44.900000000000006 0.00003730197647941109
 44.95 0.00003703145539534833
 45. 0.000036763043148598125
 45.050000000000004 0.00003649672204093022
 45.1 0.00003623247453414238
 45.150000000000006 0.000035970283248501486
 45.2 0.00003571013096120082
 45.25 0.000035452000604833646
 45.300000000000004 0.00003519587526588273
 45.35 0.00003494173818322563
 45.400000000000006 0.00003468957274665569
 45.45 0.00003443936249541836
 45.5 0.000034191091116763025
 45.550000000000004 0.000033944742444509665
 45.6 0.00003370030045763059
 45.650000000000006 0.000033457749278847
 45.7 0.00003321707317324005
 45.75 0.000032978256546876375
 45.800000000000004 0.00003274128394544798
 45.85 0.00003250614005292605
 45.900000000000006 0.000032272809690228993
 45.95 0.00003204127781390409
 46. 0.000031811529514822856
 46.050000000000004 0.000031583550016889915
 46.1 0.00003135732467576524
 46.150000000000006 0.000031132838977599524
 46.2 0.00003091007853778274
 46.25 0.00003068902909970541
 46.300000000000004 0.000030469676533532923
 46.35 0.000030252006834992158
 46.400000000000006 0.000030036006124170878
 46.45 0.000029821660644329276
 46.5 0.000029608956760723865
 46.550000000000004 0.000029397880959443364
 46.6 0.00002918841984625653
 46.650000000000006 0.000028980560145471897
 46.7 0.000028774288698809073
 46.75 0.00002856959246428164
 46.800000000000004 0.00002836645851509159
 46.85 0.0000281648740385348
 46.900000000000006 0.000027964826334918015
 46.95 0.000027766302816486585
 47. 0.000027569291006363348
 47.050000000000004 0.000027373778537498257
 47.1 0.000027179753151628616
 47.150000000000006 0.000026987202698250072
 47.2 0.000026796115133597892
 47.25 0.000026606478519638738
 47.300000000000004 0.00002641828102307256
 47.35 0.000026231510914344672
 47.400000000000006 0.000026046156566667882
 47.45 0.00002586220645505441
 47.5 0.00002567964915535774
 47.550000000000004 0.00002549847334332404
 47.6 0.000025318667793653278
 47.650000000000006 0.000025140221379069752
 47.7 0.000024963123069401974
 47.75 0.000024787361930671948
 47.800000000000004 0.000024612927124193492
 47.85 0.000024439807905679728
 47.900000000000006 0.000024267993624359525
 47.95 0.00002409747372210278
 48. 0.000023928237732554588
 48.050000000000004 0.000023760275280278007
 48.1 0.000023593576079905468
 48.150000000000006 0.000023428129935298693
 48.2 0.00002326392673871699
 48.25 0.000023100956469993945
 48.300000000000004 0.000022939209195722277
 48.35 0.000022778675068446863
 48.400000000000006 0.000022619344325865856
 48.45 0.000022461207290039714
 48.5 0.000022304254366608182
 48.550000000000004 0.00002214847604401502
 48.6 0.000021993862892740494
 48.650000000000006 0.000021840405564541478
 48.7 0.000021688094791699124
 48.75 0.00002153692138627401
 48.800000000000004 0.000021386876239368676
 48.85 0.000021237950320397472
 48.900000000000006 0.000021090134676363658
 48.95 0.000020943420431143675
 49. 0.000020797798784778466
 49.050000000000004 0.00002065326101277185
 49.1 0.000020509798465395788
 49.150000000000006 0.000020367402567002574
 49.2 0.00002022606481534373
 49.25 0.00002008577678089573
 49.300000000000004 0.000019946530106192255
 49.35 0.000019808316505163113
 49.400000000000006 0.00001967112776247962
 49.45 0.000019534955732906444
 49.5 0.000019399792340659794
 49.550000000000004 0.000019265629578771958
 49.6 0.000019132459508462014
 49.650000000000006 0.000019000274258512792
 49.7 0.00001886906602465386
 49.75 0.000018738827068950614
 49.800000000000004 0.000018609549719199327
 49.85 0.00001848122636832812
 49.900000000000006 0.00001835384947380377
 49.95 0.000018227411557044327
 50. 0.000018101905202837476
 50.050000000000004 0.00001797732305876454
 50.1 0.000017853657834630132
 50.150000000000006 0.00001773090230189733
 50.2 0.00001760904929312835
 50.25 0.000017488091701430736
 50.300000000000004 0.000017368022479908784
 50.35 0.00001724883464112044
 50.400000000000006 0.000017130521256539384
 50.45 0.00001701307545602236
 50.5 0.000016896490427281666
 50.550000000000004 0.00001678075941536275
 50.6 0.000016665875722126868
 50.650000000000006 0.00001655183270573872
 50.7 0.0000164386237801591
 50.75 0.000016326242414642358
 50.800000000000004 0.00001621468213323879
 50.85 0.000016103936514301802
 50.900000000000006 0.000015993999189999787
 50.95 0.000015884863845832772
 51. 0.000015776524220153654
 51.050000000000004 0.000015668974103694086
 51.1 0.000015562207339094896
 51.150000000000006 0.00001545621782044102
 51.2 0.000015350999492800916
 51.25 0.000015246546351770353
 51.300000000000004 0.000015142852443020643
 51.35 0.000015039911861851116
 51.400000000000006 0.000014937718752745966
 51.45 0.000014836267308935258
 51.5 0.000014735551771960188
 51.550000000000004 0.000014635566431242464
 51.6 0.000014536305623657815
 51.650000000000006 0.000014437763733113566
 51.7 0.000014339935190130222
 51.75 0.000014242814471427071
 51.800000000000004 0.000014146396099511709
 51.85 0.000014050674642273474
 51.900000000000006 0.00001395564471258074
 51.95 0.000013861300967882073
 52. 0.000013767638109811116
 52.050000000000004 0.000013674650883795268
 52.1 0.000013582334078668065
 52.150000000000006 0.000013490682526285216
 52.2 0.000013399691101144293
 52.25 0.000013309354720008025
 52.300000000000004 0.000013219668341531134
 52.35 0.000013130626965890701
 52.400000000000006 0.000013042225634420056
 52.45 0.000012954459429246076
 52.5 0.000012867323472929925
 52.550000000000004 0.000012780812928111208
 52.6 0.000012694922997155418
 52.650000000000006 0.000012609648921804754
 52.7 0.000012524985982832197
 52.75 0.000012440929499698855
 52.800000000000004 0.000012357474830214497
 52.85 0.000012274617370201324
 52.900000000000006 0.000012192352553160839
 52.95 0.000012110675849943878
 53. 0.000012029582768423722
 53.050000000000004 0.00001194906885317228
 53.1 0.000011869129685139258
 53.150000000000006 0.000011789760881334411
 53.2 0.000011710958094512673
 53.25 0.0000116327170128623
 53.300000000000004 0.000011555033359695879
 53.35 0.000011477902893144241
 53.400000000000006 0.000011401321405853215
 53.45 0.000011325284724683227
 53.5 0.000011249788710411663
 53.550000000000004 0.000011174829257438034
 53.6 0.000011100402293491854
 53.650000000000006 0.000011026503779343272
 53.7 0.000010953129708516331
 53.75 0.000010880276107004938
 53.800000000000004 0.000010807939032991461
 53.85 0.000010736114576567911
 53.900000000000006 0.00001066479885945972
 53.95 0.000010593988034752077
 54. 0.000010523678286618807
 54.050000000000004 0.00001045386583005372
 54.1 0.000010384546910604475
 54.150000000000006 0.000010315717804108906
 54.2 0.000010247374816433731
 54.25 0.00001017951428321574
 54.300000000000004 0.000010112132569605307
 54.35 0.000010045226070012304
 54.400000000000006 0.00000997879120785433
 54.45 0.00000991282443530727
 54.5 0.000009847322233058129
 54.550000000000004 0.000009782281110060159
 54.6 0.000009717697603290227
 54.650000000000006 0.000009653568277508386
 54.7 0.00000958988972501968
 54.75 0.000009526658565438128
 54.800000000000004 0.000009463871445452843
 54.85 0.000009401525038596316
 54.900000000000006 0.000009339616045014824
 54.95 0.000009278141191240904
 55. 0.000009217097229967945
 55.050000000000004 0.000009156480939826794
 55.1 0.000009096289125164452
 55.150000000000006 0.000009036518615824742
 55.2 0.00000897716626693099
 55.25 0.0000089182289586707
 55.300000000000004 0.00000885970359608216
 55.35 0.000008801587108843015
 55.400000000000006 0.000008743876451060754
 55.45 0.000008686568601065069
 55.5 0.000008629660561202169
 55.550000000000004 0.000008573149357630883
 55.6 0.000008517032040120653
 55.650000000000006 0.000008461305681851358
 55.7 0.000008405967379214931
 55.75 0.00000835101425161879
 55.800000000000004 0.000008296443441291035
 55.85 0.000008242252113087409
 55.900000000000006 0.0000081884374543
 55.95 0.000008134996674467675
 56. 0.00000808192700518823
 56.050000000000004 0.000008029225699932206
 56.1 0.000007976890033858417
 56.150000000000006 0.000007924917303631124
 56.2 0.00000787330482723884
 56.25 0.000007822049943814791
 56.300000000000004 0.000007771150013458982
 56.35 0.00000772060241706184
 56.400000000000006 0.000007670404556129473
 56.45 0.0000076205538526104755
 56.5 0.000007571047748724297
 56.550000000000004 0.000007521883706791144
 56.6 0.000007473059209063395
 56.650000000000006 0.0000074245717575585504
 56.7 0.000007376418873893658
 56.75 0.000007328598099121212
 56.800000000000004 0.000007281106993566537
 56.85 0.000007233943136666617
 56.900000000000006 0.000007187104126810355
 56.95 0.0000071405875811802635
 57. 0.000007094391135595566
 57.050000000000004 0.0000070485124443567
 57.1 0.00000700294918009119
 57.150000000000006 0.000006957699033600912
 57.2 0.000006912759713710695
 57.25 0.000006868128947118287
 57.300000000000004 0.000006823804478245644
 57.35 0.000006779784069091527
 57.400000000000006 0.000006736065499085438
 57.45 0.000006692646564942813
 57.5 0.000006649525080521535
 57.550000000000004 0.0000066066988766796876
 57.6 0.000006564165801134576
 57.650000000000006 0.000006521923718323013
 57.7 0.0000064799705092628075
 57.75 0.000006438304071415508
 57.800000000000004 0.0000063969223185503355
 57.85 0.0000063558231806093276
 57.900000000000006 0.000006315004603573672
 57.95 0.000006274464549331212
 58. 0.00000623420099554512
 58.050000000000004 0.000006194211935523737
 58.1 0.0000061544953780915465
 58.150000000000006 0.000006115049347461282
 58.2 0.000006075871883107168
 58.25 0.000006036961039639266
 58.300000000000004 0.000005998314886678924
 58.35 0.000005959931508735325
 58.400000000000006 0.000005921809005083111
 58.45 0.0000058839454896410784
 58.5 0.0000058463390908519444
 58.550000000000004 0.0000058089879515631564
 58.6 0.000005771890228908749
 58.650000000000006 0.000005735044094192232
 58.7 0.0000056984477327705
 58.75 0.000005662099343938758
 58.800000000000004 0.000005625997140816458
 58.85 0.000005590139350234208
 58.900000000000006 0.0000055545242126216986
 58.95 0.0000055191499818965735
 59. 0.000005484014925354294
 59.050000000000004 0.000005449117323558949
 59.1 0.000005414455470235014
 59.150000000000006 0.000005380027672160055
 59.2 0.0000053458322490583615
 59.25 0.000005311867533495508
 59.300000000000004 0.00000527813187077382
 59.35 0.0000052446236188287595
 59.400000000000006 0.000005211341148126204
 59.45 0.0000051782828415606
 59.5 0.0000051454470943540325
 59.550000000000004 0.000005112832313956126
 59.6 0.000005080436919944845
 59.650000000000006 0.00000504825934392814
 59.7 0.000005016298029446429
 59.75 0.0000049845514318759475
 59.800000000000004 0.000004953018018332912
 59.85 0.000004921696267578515
 59.900000000000006 0.000004890584669924745
 59.95 0.000004859681727141011
 &
