# 156 angles,  1 tensor ranks for 0=projectile
@subtitle   "Search for spectroscopic factor"                                               
@legend ON
@legend x1 0.2
@legend y1 0.8
@g0 type LOGY
@legend string  0 "Lab energy =   42.0000"
#legend string  0 "Partition=  2 Excit=  1 near/far= 1"
#  Theta       sigma       iT11        T20         T21         T22         Kyy for projectile
  0.5551E-16   10.44    
  0.2000       10.44    
  0.4000       10.45    
  0.6000       10.45    
  0.8000       10.45    
   1.000       10.45    
   1.200       10.46    
   1.400       10.46    
   1.600       10.47    
   1.800       10.48    
   2.000       10.48    
   2.200       10.49    
   2.400       10.50    
   2.600       10.51    
   2.800       10.51    
   3.000       10.52    
   3.200       10.53    
   3.400       10.54    
   3.600       10.54    
   3.800       10.55    
   4.000       10.55    
   4.200       10.56    
   4.400       10.56    
   4.600       10.56    
   4.800       10.55    
   5.000       10.55    
   5.200       10.54    
   5.400       10.53    
   5.600       10.51    
   5.800       10.49    
   6.000       10.46    
   6.200       10.43    
   6.400       10.40    
   6.600       10.35    
   6.800       10.30    
   7.000       10.25    
   7.200       10.19    
   7.400       10.12    
   7.600       10.04    
   7.800       9.956    
   8.000       9.864    
   8.200       9.763    
   8.400       9.654    
   8.600       9.537    
   8.800       9.412    
   9.000       9.278    
   9.200       9.137    
   9.400       8.987    
   9.600       8.830    
   9.800       8.665    
   10.00       8.493    
   10.20       8.315    
   10.40       8.130    
   10.60       7.939    
   10.80       7.743    
   11.00       7.543    
   11.20       7.338    
   11.40       7.129    
   11.60       6.918    
   11.80       6.705    
   12.00       6.490    
   12.20       6.275    
   12.40       6.060    
   12.60       5.845    
   12.80       5.632    
   13.00       5.421    
   13.20       5.213    
   13.40       5.008    
   13.60       4.808    
   13.80       4.612    
   14.00       4.421    
   14.20       4.237    
   14.40       4.058    
   14.60       3.886    
   14.80       3.722    
   15.00       3.565    
   15.20       3.415    
   15.40       3.273    
   15.60       3.139    
   15.80       3.013    
   16.00       2.895    
   16.20       2.785    
   16.40       2.683    
   16.60       2.589    
   16.80       2.502    
   17.00       2.422    
   17.20       2.350    
   17.40       2.284    
   17.60       2.224    
   17.80       2.171    
   18.00       2.123    
   18.20       2.080    
   18.40       2.041    
   18.60       2.007    
   18.80       1.976    
   19.00       1.949    
   19.20       1.924    
   19.40       1.901    
   19.60       1.880    
   19.80       1.861    
   20.00       1.842    
   20.20       1.824    
   20.40       1.807    
   20.60       1.789    
   20.80       1.770    
   21.00       1.751    
   21.20       1.731    
   21.40       1.709    
   21.60       1.686    
   21.80       1.662    
   22.00       1.636    
   22.20       1.609    
   22.40       1.579    
   22.60       1.548    
   22.80       1.516    
   23.00       1.482    
   23.20       1.446    
   23.40       1.410    
   23.60       1.371    
   23.80       1.332    
   24.00       1.292    
   24.20       1.252    
   24.40       1.210    
   24.60       1.169    
   24.80       1.127    
   25.00       1.086    
   25.20       1.045    
   25.40       1.004    
   25.60      0.9637    
   25.80      0.9245    
   26.00      0.8863    
   26.20      0.8493    
   26.40      0.8135    
   26.60      0.7792    
   26.80      0.7464    
   27.00      0.7152    
   27.20      0.6857    
   27.40      0.6579    
   27.60      0.6318    
   27.80      0.6075    
   28.00      0.5849    
   28.20      0.5641    
   28.40      0.5450    
   28.60      0.5275    
   28.80      0.5116    
   29.00      0.4973    
   29.20      0.4843    
   29.40      0.4727    
   29.60      0.4624    
   29.80      0.4531    
   30.00      0.4449    
 END
