   59.950    3.39577       0.539632E-16   0.158913E-16
# For Channel #  2: l = 2, j =  1.5, c#  1
    0.450    8.40580       0.643508E-02   0.765553E-03
    0.500    14.2901       0.877624E-02   0.614149E-03
    0.550    23.0881       0.116065E-01   0.502705E-03
    0.600    35.7636       0.149628E-01   0.418382E-03
    0.650    53.4664       0.188790E-01   0.353100E-03
    0.700    77.5446       0.233851E-01   0.301569E-03
    0.750    109.555       0.285078E-01   0.260214E-03
    0.800    151.271       0.342699E-01   0.226545E-03
    0.850    204.690       0.406899E-01   0.198788E-03
    0.900    272.034       0.477825E-01   0.175649E-03
    0.950    355.754       0.555580E-01   0.156170E-03
    1.000    458.525       0.640223E-01   0.139626E-03
    1.050    583.243       0.731768E-01   0.125465E-03
    1.100    733.017       0.830185E-01   0.113256E-03
    1.150    911.155       0.935400E-01   0.102661E-03
    1.200    1121.16       0.104729       0.934119E-04
    1.250    1366.68       0.116570       0.852941E-04
    1.300    1651.55       0.129041       0.781333E-04
    1.350    1979.70       0.142118       0.717875E-04
    1.400    2355.16       0.155770       0.661398E-04
    1.450    2782.05       0.169965       0.610936E-04
    1.500    3264.50       0.184666       0.565680E-04
    1.550    3806.66       0.199832       0.524953E-04
    1.600    4412.61       0.215417       0.488184E-04
    1.650    5086.41       0.231375       0.454888E-04
    1.700    5831.94       0.247654       0.424651E-04
    1.750    6652.98       0.264203       0.397119E-04
    1.800    7553.06       0.280964       0.371987E-04
    1.850    8535.49       0.297880       0.348990E-04
    1.900    9603.29       0.314892       0.327901E-04
    1.950    10759.1       0.331939       0.308519E-04
    2.000    12005.4       0.348960       0.290670E-04
    2.050    13343.9       0.365892       0.274202E-04
    2.100    14776.1       0.382672       0.258980E-04
    2.150    16303.1       0.399238       0.244885E-04
    2.200    17925.2       0.415529       0.231812E-04
    2.250    19642.5       0.431483       0.219668E-04
    2.300    21454.3       0.447043       0.208370E-04
    2.350    23359.4       0.462149       0.197843E-04
    2.400    25355.9       0.476748       0.188022E-04
    2.450    27441.6       0.490786       0.178847E-04
    2.500    29613.5       0.504213       0.170264E-04
    2.550    31868.0       0.516983       0.162226E-04
    2.600    34201.0       0.529052       0.154689E-04
    2.650    36607.9       0.540383       0.147614E-04
    2.700    39083.4       0.550940       0.140965E-04
    2.750    41621.9       0.560691       0.134710E-04
    2.800    44217.4       0.569611       0.128821E-04
    2.850    46863.2       0.577679       0.123269E-04
    2.900    49552.6       0.584876       0.118031E-04
    2.950    52278.5       0.591193       0.113085E-04
    3.000    55033.4       0.596620       0.108411E-04
    3.050    57809.9       0.601157       0.103989E-04
    3.100    60600.4       0.604804       0.998021E-05
    3.150    63397.1       0.607570       0.958356E-05
    3.200    66192.6       0.609466       0.920746E-05
    3.250    68979.2       0.610506       0.885058E-05
    3.300    71749.7       0.610712       0.851170E-05
    3.350    74496.8       0.610105       0.818968E-05
    3.400    77213.8       0.608713       0.788348E-05
    3.450    79894.2       0.606567       0.759212E-05
    3.500    82531.8       0.603697       0.731472E-05
    3.550    85120.9       0.600140       0.705044E-05
    3.600    87656.2       0.595932       0.679851E-05
    3.650    90133.0       0.591111       0.655821E-05
    3.700    92547.0       0.585718       0.632887E-05
    3.750    94894.3       0.579792       0.610987E-05
    3.800    97171.7       0.573375       0.590064E-05
    3.850    99376.5       0.566508       0.570062E-05
    3.900    101506.       0.559232       0.550933E-05
    3.950    103560.       0.551589       0.532628E-05
    4.000    105535.       0.543618       0.515104E-05
    4.050    107433.       0.535357       0.498319E-05
    4.100    109251.       0.526847       0.482235E-05
    4.150    110991.       0.518122       0.466816E-05
    4.200    112652.       0.509218       0.452027E-05
    4.250    114236.       0.500169       0.437837E-05
    4.300    115745.       0.491006       0.424216E-05
    4.350    117178.       0.481759       0.411135E-05
    4.400    118538.       0.472455       0.398568E-05
    4.450    119827.       0.463122       0.386491E-05
    4.500    121047.       0.453781       0.374879E-05
    4.550    122201.       0.444456       0.363711E-05
    4.600    123289.       0.435168       0.352965E-05
    4.650    124316.       0.425933       0.342622E-05
    4.700    125282.       0.416769       0.332664E-05
    4.750    126191.       0.407690       0.323073E-05
    4.800    127046.       0.398710       0.313831E-05
    4.850    127848.       0.389841       0.304925E-05
    4.900    128601.       0.381092       0.296338E-05
    4.950    129306.       0.372472       0.288056E-05
    5.000    129966.       0.363990       0.280066E-05
    5.050    130583.       0.355651       0.272357E-05
    5.100    131160.       0.347461       0.264914E-05
    5.150    131699.       0.339425       0.257728E-05
    5.200    132202.       0.331545       0.250787E-05
    5.250    132671.       0.323824       0.244081E-05
    5.300    133107.       0.316264       0.237601E-05
    5.350    133514.       0.308867       0.231337E-05
    5.400    133892.       0.301632       0.225279E-05
    5.450    134244.       0.294560       0.219421E-05
    5.500    134571.       0.287651       0.213754E-05
    5.550    134874.       0.280903       0.208270E-05
    5.600    135156.       0.274315       0.202962E-05
    5.650    135416.       0.267886       0.197824E-05
    5.700    135658.       0.261613       0.192848E-05
    5.750    135881.       0.255495       0.188028E-05
    5.800    136088.       0.249529       0.183359E-05
    5.850    136279.       0.243713       0.178834E-05
    5.900    136455.       0.238044       0.174448E-05
    5.950    136618.       0.232519       0.170197E-05
    6.000    136767.       0.227135       0.166074E-05
    6.050    136905.       0.221890       0.162076E-05
    6.100    137031.       0.216780       0.158197E-05
    6.150    137147.       0.211802       0.154434E-05
    6.200    137253.       0.206953       0.150782E-05
    6.250    137351.       0.202231       0.147237E-05
    6.300    137439.       0.197632       0.143796E-05
    6.350    137520.       0.193152       0.140454E-05
    6.400    137594.       0.188790       0.137208E-05
    6.450    137660.       0.184541       0.134056E-05
    6.500    137720.       0.180403       0.130993E-05
    6.550    137775.       0.176374       0.128016E-05
    6.600    137823.       0.172449       0.125123E-05
    6.650    137867.       0.168626       0.122311E-05
    6.700    137906.       0.164903       0.119577E-05
    6.750    137940.       0.161277       0.116918E-05
    6.800    137970.       0.157744       0.114332E-05
    6.850    137996.       0.154303       0.111817E-05
    6.900    138019.       0.150951       0.109370E-05
    6.950    138038.       0.147685       0.106989E-05
    7.000    138054.       0.144503       0.104671E-05
    7.050    138067.       0.141402       0.102416E-05
    7.100    138077.       0.138380       0.100220E-05
    7.150    138085.       0.135436       0.980816E-06
    7.200    138090.       0.132566       0.959996E-06
    7.250    138093.       0.129768       0.939718E-06
    7.300    138094.       0.127041       0.919965E-06
    7.350    138092.       0.124383       0.900722E-06
    7.400    138090.       0.121791       0.881972E-06
    7.450    138085.       0.119264       0.863700E-06
    7.500    138079.       0.116799       0.845891E-06
    7.550    138071.       0.114396       0.828532E-06
    7.600    138061.       0.112052       0.811609E-06
    7.650    138051.       0.109765       0.795108E-06
    7.700    138039.       0.107535       0.779018E-06
    7.750    138026.       0.105359       0.763325E-06
    7.800    138012.       0.103235       0.748018E-06
    7.850    137997.       0.101163       0.733085E-06
    7.900    137981.       0.991413E-01   0.718516E-06
    7.950    137963.       0.971678E-01   0.704301E-06
    8.000    137946.       0.952414E-01   0.690428E-06
    8.050    137927.       0.933609E-01   0.676888E-06
    8.100    137907.       0.915249E-01   0.663671E-06
    8.150    137887.       0.897323E-01   0.650768E-06
    8.200    137866.       0.879818E-01   0.638171E-06
    8.250    137844.       0.862723E-01   0.625870E-06
    8.300    137822.       0.846027E-01   0.613857E-06
    8.350    137799.       0.829718E-01   0.602124E-06
    8.400    137775.       0.813787E-01   0.590664E-06
    8.450    137751.       0.798223E-01   0.579469E-06
    8.500    137726.       0.783015E-01   0.568531E-06
    8.550    137701.       0.768155E-01   0.557844E-06
    8.600    137675.       0.753633E-01   0.547400E-06
    8.650    137649.       0.739440E-01   0.537193E-06
    8.700    139601.       0.725568E-01   0.519742E-06
    8.750    139598.       0.712007E-01   0.510040E-06
    8.800    139595.       0.698750E-01   0.500555E-06
    8.850    139592.       0.685788E-01   0.491282E-06
    8.900    139588.       0.673114E-01   0.482215E-06
    8.950    139584.       0.660720E-01   0.473350E-06
    9.000    139580.       0.648599E-01   0.464680E-06
    9.050    139576.       0.636745E-01   0.456201E-06
    9.100    139571.       0.625149E-01   0.447907E-06
    9.150    139567.       0.613805E-01   0.439794E-06
    9.200    139562.       0.602708E-01   0.431857E-06
    9.250    139557.       0.591850E-01   0.424092E-06
    9.300    139552.       0.581225E-01   0.416494E-06
    9.350    139547.       0.570828E-01   0.409059E-06
    9.400    139541.       0.560653E-01   0.401783E-06
    9.450    139536.       0.550694E-01   0.394661E-06
    9.500    139530.       0.540947E-01   0.387691E-06
    9.550    139525.       0.531404E-01   0.380867E-06
    9.600    139519.       0.522063E-01   0.374187E-06
    9.650    139513.       0.512917E-01   0.367647E-06
    9.700    139507.       0.503961E-01   0.361243E-06
    9.750    139501.       0.495192E-01   0.354973E-06
    9.800    139495.       0.486604E-01   0.348832E-06
    9.850    139489.       0.478193E-01   0.342818E-06
    9.900    139483.       0.469955E-01   0.336927E-06
    9.950    139477.       0.461886E-01   0.331157E-06
   10.000    139470.       0.453981E-01   0.325504E-06
   10.050    139464.       0.446237E-01   0.319967E-06
   10.100    139457.       0.438650E-01   0.314541E-06
   10.150    139451.       0.431216E-01   0.309225E-06
   10.200    139444.       0.423931E-01   0.304015E-06
   10.250    139437.       0.416792E-01   0.298910E-06
   10.300    139430.       0.409796E-01   0.293907E-06
   10.350    139424.       0.402938E-01   0.289003E-06
   10.400    139417.       0.396217E-01   0.284196E-06
   10.450    139410.       0.389628E-01   0.279485E-06
   10.500    139403.       0.383169E-01   0.274865E-06
   10.550    139395.       0.376837E-01   0.270337E-06
   10.600    139388.       0.370628E-01   0.265896E-06
   10.650    139381.       0.364541E-01   0.261542E-06
   10.700    139374.       0.358571E-01   0.257273E-06
   10.750    139367.       0.352717E-01   0.253086E-06
   10.800    139359.       0.346976E-01   0.248980E-06
   10.850    139352.       0.341345E-01   0.244952E-06
   10.900    139873.       0.335822E-01   0.240091E-06
   10.950    139870.       0.330404E-01   0.236222E-06
   11.000    139868.       0.325090E-01   0.232427E-06
   11.050    139865.       0.319876E-01   0.228703E-06
   11.100    139862.       0.314760E-01   0.225050E-06
   11.150    139860.       0.309741E-01   0.221466E-06
   11.200    139857.       0.304817E-01   0.217948E-06
   11.250    139855.       0.299984E-01   0.214497E-06
   11.300    139852.       0.295242E-01   0.211110E-06
   11.350    139849.       0.290587E-01   0.207786E-06
   11.400    139847.       0.286019E-01   0.204524E-06
   11.450    139844.       0.281536E-01   0.201322E-06
   11.500    139841.       0.277135E-01   0.198178E-06
   11.550    139838.       0.272815E-01   0.195093E-06
   11.600    139836.       0.268573E-01   0.192064E-06
   11.650    139833.       0.264410E-01   0.189090E-06
   11.700    139830.       0.260322E-01   0.186170E-06
   11.750    139827.       0.256308E-01   0.183303E-06
   11.800    139824.       0.252367E-01   0.180488E-06
   11.850    139821.       0.248496E-01   0.177724E-06
   11.900    139819.       0.244696E-01   0.175009E-06
   11.950    139816.       0.240963E-01   0.172343E-06
   12.000    139813.       0.237297E-01   0.169725E-06
   12.050    139810.       0.233696E-01   0.167153E-06
   12.100    139807.       0.230160E-01   0.164627E-06
   12.150    139804.       0.226686E-01   0.162145E-06
   12.200    139801.       0.223273E-01   0.159708E-06
   12.250    139798.       0.219920E-01   0.157313E-06
   12.300    139795.       0.216626E-01   0.154960E-06
   12.350    139792.       0.213390E-01   0.152648E-06
   12.400    139789.       0.210210E-01   0.150377E-06
   12.450    139786.       0.207086E-01   0.148145E-06
   12.500    139783.       0.204016E-01   0.145952E-06
   12.550    139780.       0.200999E-01   0.143797E-06
   12.600    139776.       0.198033E-01   0.141679E-06
   12.650    139773.       0.195119E-01   0.139597E-06
   12.700    139770.       0.192255E-01   0.137551E-06
   12.750    139767.       0.189440E-01   0.135540E-06
   12.800    139764.       0.186673E-01   0.133563E-06
   12.850    139761.       0.183953E-01   0.131620E-06
   12.900    139757.       0.181279E-01   0.129710E-06
   12.950    139754.       0.178651E-01   0.127832E-06
   13.000    139751.       0.176067E-01   0.125986E-06
   13.050    139974.       0.173526E-01   0.123970E-06
   13.100    139973.       0.171028E-01   0.122186E-06
   13.150    139971.       0.168572E-01   0.120433E-06
   13.200    139970.       0.166156E-01   0.118709E-06
   13.250    139968.       0.163781E-01   0.117013E-06
   13.300    139967.       0.161446E-01   0.115345E-06
   13.350    139965.       0.159149E-01   0.113706E-06
   13.400    139964.       0.156890E-01   0.112093E-06
   13.450    139962.       0.154668E-01   0.110507E-06
   13.500    139961.       0.152482E-01   0.108946E-06
   13.550    139959.       0.150333E-01   0.107412E-06
   13.600    139958.       0.148219E-01   0.105902E-06
   13.650    139956.       0.146139E-01   0.104417E-06
   13.700    139955.       0.144093E-01   0.102957E-06
   13.750    139953.       0.142080E-01   0.101520E-06
   13.800    139952.       0.140100E-01   0.100106E-06
   13.850    139950.       0.138151E-01   0.987146E-07
   13.900    139949.       0.136234E-01   0.973460E-07
   13.950    139947.       0.134348E-01   0.959993E-07
   14.000    139945.       0.132492E-01   0.946742E-07
   14.050    139944.       0.130666E-01   0.933702E-07
   14.100    139942.       0.128869E-01   0.920871E-07
   14.150    139941.       0.127100E-01   0.908243E-07
   14.200    139939.       0.125359E-01   0.895816E-07
   14.250    139937.       0.123646E-01   0.883585E-07
   14.300    139936.       0.121960E-01   0.871547E-07
   14.350    139934.       0.120301E-01   0.859698E-07
   14.400    139932.       0.118668E-01   0.848036E-07
   14.450    139931.       0.117060E-01   0.836556E-07
   14.500    139929.       0.115477E-01   0.825256E-07
   14.550    139927.       0.113919E-01   0.814132E-07
   14.600    139926.       0.112386E-01   0.803181E-07
   14.650    139924.       0.110876E-01   0.792400E-07
   14.700    139922.       0.109389E-01   0.781786E-07
   14.750    139921.       0.107926E-01   0.771335E-07
   14.800    139919.       0.106485E-01   0.761046E-07
   14.850    139917.       0.105066E-01   0.750915E-07
   14.900    139915.       0.103669E-01   0.740939E-07
   14.950    139914.       0.102293E-01   0.731116E-07
   15.000    139912.       0.100938E-01   0.721443E-07
   15.050    139910.       0.996044E-02   0.711917E-07
   15.100    139908.       0.982907E-02   0.702536E-07
   15.150    139907.       0.969969E-02   0.693298E-07
   15.200    139905.       0.957227E-02   0.684199E-07
   15.250    140026.       0.944677E-02   0.674646E-07
   15.300    140025.       0.932316E-02   0.665823E-07
   15.350    140024.       0.920141E-02   0.657132E-07
   15.400    140023.       0.908149E-02   0.648572E-07
   15.450    140022.       0.896336E-02   0.640140E-07
   15.500    140021.       0.884700E-02   0.631834E-07
   15.550    140020.       0.873237E-02   0.623652E-07
   15.600    140019.       0.861945E-02   0.615591E-07
   15.650    140018.       0.850820E-02   0.607650E-07
   15.700    140017.       0.839859E-02   0.599826E-07
   15.750    140016.       0.829061E-02   0.592118E-07
   15.800    140015.       0.818422E-02   0.584524E-07
   15.850    140014.       0.807939E-02   0.577041E-07
   15.900    140013.       0.797611E-02   0.569668E-07
   15.950    140012.       0.787433E-02   0.562403E-07
   16.000    140011.       0.777404E-02   0.555244E-07
   16.050    140010.       0.767522E-02   0.548190E-07
   16.100    140009.       0.757783E-02   0.541238E-07
   16.150    140008.       0.748186E-02   0.534387E-07
   16.200    140007.       0.738728E-02   0.527636E-07
   16.250    140006.       0.729406E-02   0.520982E-07
   16.300    140005.       0.720220E-02   0.514424E-07
   16.350    140004.       0.711165E-02   0.507960E-07
   16.400    140003.       0.702241E-02   0.501589E-07
   16.450    140002.       0.693445E-02   0.495310E-07
   16.500    140001.       0.684774E-02   0.489121E-07
   16.550    140000.       0.676228E-02   0.483020E-07
   16.600    139999.       0.667803E-02   0.477006E-07
   16.650    139998.       0.659498E-02   0.471077E-07
   16.700    139997.       0.651311E-02   0.465233E-07
   16.750    139996.       0.643241E-02   0.459471E-07
   16.800    139995.       0.635284E-02   0.453791E-07
   16.850    139994.       0.627440E-02   0.448191E-07
   16.900    139993.       0.619706E-02   0.442670E-07
   16.950    139992.       0.612081E-02   0.437227E-07
   17.000    139990.       0.604562E-02   0.431860E-07
   17.050    139989.       0.597150E-02   0.426568E-07
   17.100    139988.       0.589840E-02   0.421350E-07
   17.150    139987.       0.582633E-02   0.416205E-07
   17.200    139986.       0.575526E-02   0.411131E-07
   17.250    139985.       0.568518E-02   0.406128E-07
   17.300    139984.       0.561607E-02   0.401194E-07
   17.350    139983.       0.554792E-02   0.396328E-07
   17.400    140057.       0.548070E-02   0.391320E-07
   17.450    140056.       0.541442E-02   0.386589E-07
   17.500    140056.       0.534905E-02   0.381923E-07
   17.550    140055.       0.528457E-02   0.377321E-07
   17.600    140054.       0.522098E-02   0.372783E-07
   17.650    140054.       0.515826E-02   0.368306E-07
   17.700    140053.       0.509640E-02   0.363891E-07
   17.750    140052.       0.503538E-02   0.359535E-07
   17.800    140052.       0.497519E-02   0.355239E-07
   17.850    140051.       0.491581E-02   0.351002E-07
   17.900    140050.       0.485725E-02   0.346822E-07
   17.950    140050.       0.479947E-02   0.342698E-07
   18.000    140049.       0.474248E-02   0.338630E-07
   18.050    140048.       0.468625E-02   0.334617E-07
   18.100    140048.       0.463078E-02   0.330658E-07
   18.150    140047.       0.457606E-02   0.326752E-07
   18.200    140046.       0.452207E-02   0.322898E-07
   18.250    140046.       0.446880E-02   0.319096E-07
   18.300    140045.       0.441625E-02   0.315345E-07
   18.350    140044.       0.436439E-02   0.311644E-07
   18.400    140043.       0.431323E-02   0.307992E-07
   18.450    140043.       0.426274E-02   0.304389E-07
   18.500    140042.       0.421293E-02   0.300833E-07
   18.550    140041.       0.416378E-02   0.297325E-07
   18.600    140041.       0.411527E-02   0.293863E-07
   18.650    140040.       0.406741E-02   0.290446E-07
   18.700    140039.       0.402017E-02   0.287075E-07
   18.750    140038.       0.397356E-02   0.283748E-07
   18.800    140038.       0.392756E-02   0.280464E-07
   18.850    140037.       0.388216E-02   0.277224E-07
   18.900    140036.       0.383736E-02   0.274026E-07
   18.950    140036.       0.379314E-02   0.270869E-07
   19.000    140035.       0.374949E-02   0.267754E-07
   19.050    140034.       0.370642E-02   0.264680E-07
   19.100    140033.       0.366390E-02   0.261645E-07
   19.150    140033.       0.362194E-02   0.258650E-07
   19.200    140032.       0.358052E-02   0.255693E-07
   19.250    140031.       0.353963E-02   0.252775E-07
   19.300    140030.       0.349928E-02   0.249894E-07
   19.350    140030.       0.345944E-02   0.247051E-07
   19.400    140029.       0.342012E-02   0.244244E-07
   19.450    140028.       0.338130E-02   0.241473E-07
   19.500    140027.       0.334297E-02   0.238737E-07
   19.550    140027.       0.330514E-02   0.236037E-07
   19.600    140077.       0.326779E-02   0.233286E-07
   19.650    140076.       0.323092E-02   0.230654E-07
   19.700    140076.       0.319452E-02   0.228056E-07
   19.750    140075.       0.315858E-02   0.225491E-07
   19.800    140075.       0.312309E-02   0.222959E-07
   19.850    140074.       0.308806E-02   0.220459E-07
   19.900    140074.       0.305347E-02   0.217990E-07
   19.950    140073.       0.301931E-02   0.215552E-07
   20.000    140073.       0.298559E-02   0.213146E-07
   20.050    140072.       0.295229E-02   0.210769E-07
   20.100    140072.       0.291941E-02   0.208422E-07
   20.150    140071.       0.288694E-02   0.206105E-07
   20.200    140071.       0.285488E-02   0.203817E-07
   20.250    140070.       0.282322E-02   0.201558E-07
   20.300    140070.       0.279196E-02   0.199326E-07
   20.350    140069.       0.276108E-02   0.197123E-07
   20.400    140069.       0.273059E-02   0.194947E-07
   20.450    140068.       0.270048E-02   0.192798E-07
   20.500    140068.       0.267074E-02   0.190675E-07
   20.550    140067.       0.264138E-02   0.188579E-07
   20.600    140067.       0.261237E-02   0.186509E-07
   20.650    140066.       0.258372E-02   0.184464E-07
   20.700    140066.       0.255543E-02   0.182445E-07
   20.750    140065.       0.252748E-02   0.180450E-07
   20.800    140065.       0.249988E-02   0.178480E-07
   20.850    140064.       0.247262E-02   0.176535E-07
   20.900    140064.       0.244569E-02   0.174613E-07
   20.950    140063.       0.241909E-02   0.172714E-07
   21.000    140063.       0.239282E-02   0.170839E-07
   21.050    140062.       0.236686E-02   0.168987E-07
   21.100    140062.       0.234122E-02   0.167157E-07
   21.150    140061.       0.231590E-02   0.165349E-07
   21.200    140060.       0.229088E-02   0.163564E-07
   21.250    140060.       0.226617E-02   0.161800E-07
   21.300    140059.       0.224175E-02   0.160057E-07
   21.350    140059.       0.221763E-02   0.158336E-07
   21.400    140058.       0.219380E-02   0.156635E-07
   21.450    140058.       0.217026E-02   0.154955E-07
   21.500    140057.       0.214700E-02   0.153295E-07
   21.550    140057.       0.212402E-02   0.151655E-07
   21.600    140056.       0.210132E-02   0.150034E-07
   21.650    140056.       0.207889E-02   0.148433E-07
   21.700    140055.       0.205673E-02   0.146851E-07
   21.750    140091.       0.203483E-02   0.145251E-07
   21.800    140090.       0.201319E-02   0.143707E-07
   21.850    140090.       0.199182E-02   0.142181E-07
   21.900    140090.       0.197069E-02   0.140674E-07
   21.950    140089.       0.194982E-02   0.139184E-07
   22.000    140089.       0.192919E-02   0.137712E-07
   22.050    140089.       0.190881E-02   0.136258E-07
   22.100    140088.       0.188867E-02   0.134820E-07
   22.150    140088.       0.186877E-02   0.133400E-07
   22.200    140087.       0.184910E-02   0.131996E-07
   22.250    140087.       0.182967E-02   0.130609E-07
   22.300    140087.       0.181046E-02   0.129239E-07
   22.350    140086.       0.179148E-02   0.127884E-07
   22.400    140086.       0.177272E-02   0.126545E-07
   22.450    140085.       0.175418E-02   0.125222E-07
   22.500    140085.       0.173586E-02   0.123915E-07
   22.550    140085.       0.171775E-02   0.122622E-07
   22.600    140084.       0.169985E-02   0.121345E-07
   22.650    140084.       0.168217E-02   0.120083E-07
   22.700    140084.       0.166468E-02   0.118835E-07
   22.750    140083.       0.164740E-02   0.117602E-07
   22.800    140083.       0.163032E-02   0.116383E-07
   22.850    140082.       0.161344E-02   0.115178E-07
   22.900    140082.       0.159676E-02   0.113987E-07
   22.950    140082.       0.158026E-02   0.112810E-07
   23.000    140081.       0.156396E-02   0.111647E-07
   23.050    140081.       0.154785E-02   0.110497E-07
   23.100    140080.       0.153192E-02   0.109360E-07
   23.150    140080.       0.151617E-02   0.108236E-07
   23.200    140080.       0.150060E-02   0.107125E-07
   23.250    140079.       0.148522E-02   0.106027E-07
   23.300    140079.       0.147000E-02   0.104941E-07
   23.350    140078.       0.145497E-02   0.103868E-07
   23.400    140078.       0.144010E-02   0.102807E-07
   23.450    140078.       0.142540E-02   0.101758E-07
   23.500    140077.       0.141087E-02   0.100721E-07
   23.550    140077.       0.139651E-02   0.996960E-08
   23.600    140076.       0.138231E-02   0.986825E-08
   23.650    140076.       0.136827E-02   0.976804E-08
   23.700    140075.       0.135439E-02   0.966897E-08
   23.750    140075.       0.134066E-02   0.957102E-08
   23.800    140075.       0.132709E-02   0.947418E-08
   23.850    140074.       0.131368E-02   0.937843E-08
   23.900    140074.       0.130041E-02   0.928375E-08
   23.950    140101.       0.128729E-02   0.918835E-08
   24.000    140100.       0.127433E-02   0.909580E-08
   24.050    140100.       0.126150E-02   0.900429E-08
   24.100    140100.       0.124882E-02   0.891381E-08
   24.150    140099.       0.123629E-02   0.882434E-08
   24.200    140099.       0.122389E-02   0.873587E-08
   24.250    140099.       0.121163E-02   0.864838E-08
   24.300    140099.       0.119951E-02   0.856187E-08
   24.350    140098.       0.118752E-02   0.847632E-08
   24.400    140098.       0.117566E-02   0.839173E-08
   24.450    140098.       0.116394E-02   0.830807E-08
   24.500    140097.       0.115235E-02   0.822534E-08
   24.550    140097.       0.114088E-02   0.814353E-08
   24.600    140097.       0.112955E-02   0.806262E-08
   24.650    140096.       0.111834E-02   0.798261E-08
   24.700    140096.       0.110725E-02   0.790348E-08
   24.750    140096.       0.109628E-02   0.782522E-08
   24.800    140096.       0.108544E-02   0.774782E-08
   24.850    140095.       0.107471E-02   0.767127E-08
   24.900    140095.       0.106410E-02   0.759557E-08
   24.950    140095.       0.105361E-02   0.752069E-08
   25.000    140094.       0.104323E-02   0.744664E-08
   25.050    140094.       0.103297E-02   0.737339E-08
   25.100    140094.       0.102282E-02   0.730094E-08
   25.150    140093.       0.101278E-02   0.722929E-08
   25.200    140093.       0.100284E-02   0.715842E-08
   25.250    140093.       0.993021E-03   0.708831E-08
   25.300    140092.       0.983305E-03   0.701897E-08
   25.350    140092.       0.973694E-03   0.695038E-08
   25.400    140092.       0.964187E-03   0.688254E-08
   25.450    140091.       0.954783E-03   0.681543E-08
   25.500    140091.       0.945482E-03   0.674905E-08
   25.550    140091.       0.936280E-03   0.668338E-08
   25.600    140090.       0.927178E-03   0.661843E-08
   25.650    140090.       0.918175E-03   0.655417E-08
   25.700    140090.       0.909268E-03   0.649061E-08
   25.750    140089.       0.900457E-03   0.642772E-08
   25.800    140089.       0.891740E-03   0.636552E-08
   25.850    140089.       0.883117E-03   0.630398E-08
   25.900    140088.       0.874587E-03   0.624310E-08
   25.950    140088.       0.866148E-03   0.618288E-08
   26.000    140088.       0.857799E-03   0.612329E-08
   26.050    140087.       0.849539E-03   0.606435E-08
   26.100    140108.       0.841367E-03   0.600512E-08
   26.150    140108.       0.833283E-03   0.594743E-08
   26.200    140108.       0.825284E-03   0.589035E-08
   26.250    140108.       0.817371E-03   0.583388E-08
   26.300    140107.       0.809541E-03   0.577801E-08
   26.350    140107.       0.801795E-03   0.572273E-08
   26.400    140107.       0.794131E-03   0.566803E-08
   26.450    140107.       0.786547E-03   0.561392E-08
   26.500    140106.       0.779044E-03   0.556038E-08
   26.550    140106.       0.771620E-03   0.550740E-08
   26.600    140106.       0.764275E-03   0.545498E-08
   26.650    140106.       0.757007E-03   0.540311E-08
   26.700    140105.       0.749815E-03   0.535179E-08
   26.750    140105.       0.742699E-03   0.530101E-08
   26.800    140105.       0.735657E-03   0.525076E-08
   26.850    140105.       0.728690E-03   0.520104E-08
   26.900    140104.       0.721795E-03   0.515183E-08
   26.950    140104.       0.714972E-03   0.510315E-08
   27.000    140104.       0.708221E-03   0.505497E-08
   27.050    140104.       0.701540E-03   0.500729E-08
   27.100    140103.       0.694929E-03   0.496012E-08
   27.150    140103.       0.688387E-03   0.491343E-08
   27.200    140103.       0.681913E-03   0.486723E-08
   27.250    140103.       0.675506E-03   0.482151E-08
   27.300    140102.       0.669165E-03   0.477626E-08
   27.350    140102.       0.662891E-03   0.473148E-08
   27.400    140102.       0.656681E-03   0.468717E-08
   27.450    140102.       0.650536E-03   0.464331E-08
   27.500    140101.       0.644454E-03   0.459991E-08
   27.550    140101.       0.638435E-03   0.455696E-08
   27.600    140101.       0.632478E-03   0.451444E-08
   27.650    140101.       0.626582E-03   0.447237E-08
   27.700    140100.       0.620747E-03   0.443073E-08
   27.750    140100.       0.614972E-03   0.438952E-08
   27.800    140100.       0.609256E-03   0.434873E-08
   27.850    140100.       0.603599E-03   0.430836E-08
   27.900    140099.       0.598000E-03   0.426840E-08
   27.950    140099.       0.592458E-03   0.422885E-08
   28.000    140099.       0.586973E-03   0.418971E-08
   28.050    140098.       0.581543E-03   0.415096E-08
   28.100    140098.       0.576169E-03   0.411261E-08
   28.150    140098.       0.570850E-03   0.407465E-08
   28.200    140098.       0.565585E-03   0.403708E-08
   28.250    140097.       0.560374E-03   0.399989E-08
   28.300    140114.       0.555216E-03   0.396260E-08
   28.350    140114.       0.550110E-03   0.392616E-08
   28.400    140114.       0.545055E-03   0.389009E-08
   28.450    140114.       0.540052E-03   0.385439E-08
   28.500    140113.       0.535099E-03   0.381905E-08
   28.550    140113.       0.530197E-03   0.378406E-08
   28.600    140113.       0.525344E-03   0.374943E-08
   28.650    140113.       0.520540E-03   0.371515E-08
   28.700    140113.       0.515784E-03   0.368121E-08
   28.750    140112.       0.511076E-03   0.364762E-08
   28.800    140112.       0.506416E-03   0.361436E-08
   28.850    140112.       0.501802E-03   0.358144E-08
   28.900    140112.       0.497235E-03   0.354884E-08
   28.950    140111.       0.492713E-03   0.351658E-08
   29.000    140111.       0.488236E-03   0.348463E-08
   29.050    140111.       0.483805E-03   0.345301E-08
   29.100    140111.       0.479417E-03   0.342170E-08
   29.150    140111.       0.475074E-03   0.339070E-08
   29.200    140110.       0.470773E-03   0.336002E-08
   29.250    140110.       0.466516E-03   0.332964E-08
   29.300    140110.       0.462301E-03   0.329956E-08
   29.350    140110.       0.458128E-03   0.326978E-08
   29.400    140110.       0.453996E-03   0.324029E-08
   29.450    140109.       0.449905E-03   0.321110E-08
   29.500    140109.       0.445855E-03   0.318220E-08
   29.550    140109.       0.441845E-03   0.315358E-08
   29.600    140109.       0.437874E-03   0.312525E-08
   29.650    140109.       0.433943E-03   0.309719E-08
   29.700    140108.       0.430050E-03   0.306941E-08
   29.750    140108.       0.426196E-03   0.304191E-08
   29.800    140108.       0.422380E-03   0.301468E-08
   29.850    140108.       0.418602E-03   0.298771E-08
   29.900    140107.       0.414860E-03   0.296101E-08
   29.950    140107.       0.411155E-03   0.293458E-08
   30.000    140107.       0.407487E-03   0.290840E-08
   30.050    140107.       0.403855E-03   0.288248E-08
   30.100    140107.       0.400258E-03   0.285681E-08
   30.150    140106.       0.396696E-03   0.283139E-08
   30.200    140106.       0.393169E-03   0.280622E-08
   30.250    140106.       0.389677E-03   0.278130E-08
   30.300    140106.       0.386218E-03   0.275662E-08
   30.350    140105.       0.382794E-03   0.273218E-08
   30.400    140105.       0.379402E-03   0.270798E-08
   30.450    140119.       0.376044E-03   0.268375E-08
   30.500    140119.       0.372718E-03   0.266002E-08
   30.550    140119.       0.369425E-03   0.263652E-08
   30.600    140118.       0.366163E-03   0.261324E-08
   30.650    140118.       0.362933E-03   0.259019E-08
   30.700    140118.       0.359735E-03   0.256737E-08
   30.750    140118.       0.356567E-03   0.254476E-08
   30.800    140118.       0.353430E-03   0.252238E-08
   30.850    140118.       0.350323E-03   0.250021E-08
   30.900    140117.       0.347246E-03   0.247825E-08
   30.950    140117.       0.344199E-03   0.245651E-08
   31.000    140117.       0.341181E-03   0.243497E-08
   31.050    140117.       0.338192E-03   0.241364E-08
   31.100    140117.       0.335232E-03   0.239252E-08
   31.150    140116.       0.332300E-03   0.237160E-08
   31.200    140116.       0.329396E-03   0.235088E-08
   31.250    140116.       0.326520E-03   0.233035E-08
   31.300    140116.       0.323672E-03   0.231003E-08
   31.350    140116.       0.320851E-03   0.228990E-08
   31.400    140116.       0.318056E-03   0.226996E-08
   31.450    140115.       0.315289E-03   0.225021E-08
   31.500    140115.       0.312548E-03   0.223065E-08
   31.550    140115.       0.309833E-03   0.221127E-08
   31.600    140115.       0.307143E-03   0.219208E-08
   31.650    140115.       0.304480E-03   0.217307E-08
   31.700    140115.       0.301841E-03   0.215425E-08
   31.750    140114.       0.299228E-03   0.213560E-08
   31.800    140114.       0.296639E-03   0.211713E-08
   31.850    140114.       0.294075E-03   0.209883E-08
   31.900    140114.       0.291535E-03   0.208071E-08
   31.950    140114.       0.289020E-03   0.206275E-08
   32.000    140113.       0.286528E-03   0.204497E-08
   32.050    140113.       0.284059E-03   0.202735E-08
   32.100    140113.       0.281614E-03   0.200991E-08
   32.150    140113.       0.279192E-03   0.199262E-08
   32.200    140113.       0.276792E-03   0.197550E-08
   32.250    140112.       0.274415E-03   0.195854E-08
   32.300    140112.       0.272061E-03   0.194173E-08
   32.350    140112.       0.269729E-03   0.192509E-08
   32.400    140112.       0.267418E-03   0.190860E-08
   32.450    140112.       0.265129E-03   0.189227E-08
   32.500    140112.       0.262862E-03   0.187609E-08
   32.550    140111.       0.260615E-03   0.186006E-08
   32.600    140111.       0.258390E-03   0.184418E-08
   32.650    140123.       0.256185E-03   0.182829E-08
   32.700    140122.       0.254002E-03   0.181271E-08
   32.750    140122.       0.251838E-03   0.179727E-08
   32.800    140122.       0.249694E-03   0.178198E-08
   32.850    140122.       0.247571E-03   0.176682E-08
   32.900    140122.       0.245467E-03   0.175181E-08
   32.950    140122.       0.243383E-03   0.173694E-08
   33.000    140122.       0.241318E-03   0.172220E-08
   33.050    140121.       0.239272E-03   0.170761E-08
   33.100    140121.       0.237245E-03   0.169314E-08
   33.150    140121.       0.235237E-03   0.167881E-08
   33.200    140121.       0.233248E-03   0.166462E-08
   33.250    140121.       0.231277E-03   0.165055E-08
   33.300    140121.       0.229324E-03   0.163662E-08
   33.350    140121.       0.227389E-03   0.162281E-08
   33.400    140120.       0.225472E-03   0.160913E-08
   33.450    140120.       0.223572E-03   0.159557E-08
   33.500    140120.       0.221690E-03   0.158214E-08
   33.550    140120.       0.219825E-03   0.156884E-08
   33.600    140120.       0.217978E-03   0.155565E-08
   33.650    140120.       0.216147E-03   0.154259E-08
   33.700    140119.       0.214333E-03   0.152965E-08
   33.750    140119.       0.212536E-03   0.151682E-08
   33.800    140119.       0.210755E-03   0.150411E-08
   33.850    140119.       0.208991E-03   0.149152E-08
   33.900    140119.       0.207242E-03   0.147905E-08
   33.950    140119.       0.205510E-03   0.146668E-08
   34.000    140119.       0.203793E-03   0.145443E-08
   34.050    140118.       0.202092E-03   0.144230E-08
   34.100    140118.       0.200407E-03   0.143027E-08
   34.150    140118.       0.198736E-03   0.141835E-08
   34.200    140118.       0.197081E-03   0.140654E-08
   34.250    140118.       0.195441E-03   0.139484E-08
   34.300    140118.       0.193816E-03   0.138324E-08
   34.350    140117.       0.192206E-03   0.137175E-08
   34.400    140117.       0.190610E-03   0.136036E-08
   34.450    140117.       0.189029E-03   0.134908E-08
   34.500    140117.       0.187462E-03   0.133790E-08
   34.550    140117.       0.185909E-03   0.132681E-08
   34.600    140117.       0.184370E-03   0.131583E-08
   34.650    140116.       0.182845E-03   0.130495E-08
   34.700    140116.       0.181334E-03   0.129417E-08
   34.750    140116.       0.179836E-03   0.128348E-08
   34.800    140126.       0.178352E-03   0.127280E-08
   34.850    140126.       0.176881E-03   0.126230E-08
   34.900    140126.       0.175423E-03   0.125190E-08
   34.950    140125.       0.173979E-03   0.124159E-08
   35.000    140125.       0.172547E-03   0.123138E-08
   35.050    140125.       0.171129E-03   0.122125E-08
   35.100    140125.       0.169722E-03   0.121122E-08
   35.150    140125.       0.168329E-03   0.120128E-08
   35.200    140125.       0.166948E-03   0.119142E-08
   35.250    140125.       0.165579E-03   0.118166E-08
   35.300    140125.       0.164223E-03   0.117198E-08
   35.350    140124.       0.162878E-03   0.116238E-08
   35.400    140124.       0.161546E-03   0.115288E-08
   35.450    140124.       0.160226E-03   0.114345E-08
   35.500    140124.       0.158917E-03   0.113411E-08
   35.550    140124.       0.157620E-03   0.112486E-08
   35.600    140124.       0.156334E-03   0.111568E-08
   35.650    140124.       0.155060E-03   0.110659E-08
   35.700    140123.       0.153797E-03   0.109758E-08
   35.750    140123.       0.152545E-03   0.108865E-08
   35.800    140123.       0.151304E-03   0.107980E-08
   35.850    140123.       0.150075E-03   0.107102E-08
   35.900    140123.       0.148856E-03   0.106232E-08
   35.950    140123.       0.147648E-03   0.105370E-08
   36.000    140123.       0.146450E-03   0.104516E-08
   36.050    140123.       0.145264E-03   0.103669E-08
   36.100    140122.       0.144087E-03   0.102830E-08
   36.150    140122.       0.142921E-03   0.101997E-08
   36.200    140122.       0.141765E-03   0.101173E-08
   36.250    140122.       0.140620E-03   0.100355E-08
   36.300    140122.       0.139484E-03   0.995450E-09
   36.350    140122.       0.138359E-03   0.987418E-09
   36.400    140122.       0.137243E-03   0.979456E-09
   36.450    140121.       0.136137E-03   0.971565E-09
   36.500    140121.       0.135041E-03   0.963742E-09
   36.550    140121.       0.133954E-03   0.955988E-09
   36.600    140121.       0.132877E-03   0.948302E-09
   36.650    140121.       0.131809E-03   0.940682E-09
   36.700    140121.       0.130751E-03   0.933130E-09
   36.750    140121.       0.129702E-03   0.925643E-09
   36.800    140120.       0.128662E-03   0.918221E-09
   36.850    140120.       0.127631E-03   0.910864E-09
   36.900    140120.       0.126609E-03   0.903571E-09
   36.950    140128.       0.125595E-03   0.896287E-09
   37.000    140128.       0.124591E-03   0.889121E-09
   37.050    140128.       0.123595E-03   0.882016E-09
   37.100    140128.       0.122608E-03   0.874974E-09
   37.150    140128.       0.121630E-03   0.867992E-09
   37.200    140128.       0.120660E-03   0.861071E-09
   37.250    140128.       0.119699E-03   0.854210E-09
   37.300    140128.       0.118745E-03   0.847408E-09
   37.350    140128.       0.117800E-03   0.840665E-09
   37.400    140127.       0.116863E-03   0.833980E-09
   37.450    140127.       0.115935E-03   0.827352E-09
   37.500    140127.       0.115014E-03   0.820782E-09
   37.550    140127.       0.114101E-03   0.814269E-09
   37.600    140127.       0.113196E-03   0.807811E-09
   37.650    140127.       0.112299E-03   0.801409E-09
   37.700    140127.       0.111410E-03   0.795063E-09
   37.750    140127.       0.110528E-03   0.788770E-09
   37.800    140127.       0.109654E-03   0.782532E-09
   37.850    140126.       0.108787E-03   0.776347E-09
   37.900    140126.       0.107927E-03   0.770215E-09
   37.950    140126.       0.107075E-03   0.764136E-09
   38.000    140126.       0.106231E-03   0.758109E-09
   38.050    140126.       0.105393E-03   0.752133E-09
   38.100    140126.       0.104563E-03   0.746209E-09
   38.150    140126.       0.103740E-03   0.740335E-09
   38.200    140126.       0.102924E-03   0.734511E-09
   38.250    140125.       0.102115E-03   0.728736E-09
   38.300    140125.       0.101312E-03   0.723011E-09
   38.350    140125.       0.100517E-03   0.717335E-09
   38.400    140125.       0.997280E-04   0.711707E-09
   38.450    140125.       0.989460E-04   0.706127E-09
   38.500    140125.       0.981706E-04   0.700594E-09
   38.550    140125.       0.974019E-04   0.695108E-09
   38.600    140125.       0.966396E-04   0.689669E-09
   38.650    140125.       0.958838E-04   0.684276E-09
   38.700    140124.       0.951344E-04   0.678928E-09
   38.750    140124.       0.943913E-04   0.673626E-09
   38.800    140124.       0.936546E-04   0.668369E-09
   38.850    140124.       0.929240E-04   0.663156E-09
   38.900    140124.       0.921997E-04   0.657987E-09
   38.950    140124.       0.914814E-04   0.652862E-09
   39.000    140124.       0.907692E-04   0.647779E-09
   39.050    140124.       0.900630E-04   0.642740E-09
   39.100    140123.       0.893628E-04   0.637743E-09
   39.150    140131.       0.886684E-04   0.632755E-09
   39.200    140131.       0.879799E-04   0.627842E-09
   39.250    140130.       0.872972E-04   0.622971E-09
   39.300    140130.       0.866202E-04   0.618140E-09
   39.350    140130.       0.859489E-04   0.613350E-09
   39.400    140130.       0.852832E-04   0.608600E-09
   39.450    140130.       0.846231E-04   0.603890E-09
   39.500    140130.       0.839685E-04   0.599219E-09
   39.550    140130.       0.833194E-04   0.594587E-09
   39.600    140130.       0.826758E-04   0.589994E-09
   39.650    140130.       0.820375E-04   0.585440E-09
   39.700    140130.       0.814045E-04   0.580923E-09
   39.750    140129.       0.807769E-04   0.576445E-09
   39.800    140129.       0.801544E-04   0.572003E-09
   39.850    140129.       0.795372E-04   0.567599E-09
   39.900    140129.       0.789251E-04   0.563231E-09
   39.950    140129.       0.783181E-04   0.558900E-09
   40.000    140129.       0.777161E-04   0.554604E-09
   40.050    140129.       0.771191E-04   0.550344E-09
   40.100    140129.       0.765271E-04   0.546120E-09
   40.150    140129.       0.759400E-04   0.541931E-09
   40.200    140129.       0.753578E-04   0.537776E-09
   40.250    140128.       0.747804E-04   0.533656E-09
   40.300    140128.       0.742078E-04   0.529570E-09
   40.350    140128.       0.736399E-04   0.525518E-09
   40.400    140128.       0.730767E-04   0.521499E-09
   40.450    140128.       0.725182E-04   0.517514E-09
   40.500    140128.       0.719643E-04   0.513561E-09
   40.550    140128.       0.714149E-04   0.509641E-09
   40.600    140128.       0.708701E-04   0.505754E-09
   40.650    140128.       0.703298E-04   0.501898E-09
   40.700    140127.       0.697939E-04   0.498075E-09
   40.750    140127.       0.692625E-04   0.494282E-09
   40.800    140127.       0.687354E-04   0.490521E-09
   40.850    140127.       0.682126E-04   0.486791E-09
   40.900    140127.       0.676941E-04   0.483091E-09
   40.950    140127.       0.671799E-04   0.479422E-09
   41.000    140127.       0.666699E-04   0.475783E-09
   41.050    140127.       0.661641E-04   0.472174E-09
   41.100    140127.       0.656625E-04   0.468594E-09
   41.150    140126.       0.651649E-04   0.465044E-09
   41.200    140126.       0.646714E-04   0.461522E-09
   41.250    140126.       0.641820E-04   0.458030E-09
   41.300    140133.       0.636965E-04   0.454545E-09
   41.350    140133.       0.632150E-04   0.451109E-09
   41.400    140132.       0.627375E-04   0.447701E-09
   41.450    140132.       0.622638E-04   0.444321E-09
   41.500    140132.       0.617940E-04   0.440969E-09
   41.550    140132.       0.613280E-04   0.437644E-09
   41.600    140132.       0.608658E-04   0.434346E-09
   41.650    140132.       0.604074E-04   0.431075E-09
   41.700    140132.       0.599527E-04   0.427830E-09
   41.750    140132.       0.595017E-04   0.424612E-09
   41.800    140132.       0.590543E-04   0.421420E-09
   41.850    140132.       0.586106E-04   0.418254E-09
   41.900    140132.       0.581705E-04   0.415113E-09
   41.950    140131.       0.577339E-04   0.411998E-09
   42.000    140131.       0.573009E-04   0.408908E-09
   42.050    140131.       0.568714E-04   0.405844E-09
   42.100    140131.       0.564453E-04   0.402803E-09
   42.150    140131.       0.560227E-04   0.399788E-09
   42.200    140131.       0.556035E-04   0.396797E-09
   42.250    140131.       0.551877E-04   0.393830E-09
   42.300    140131.       0.547752E-04   0.390886E-09
   42.350    140131.       0.543661E-04   0.387967E-09
   42.400    140131.       0.539602E-04   0.385071E-09
   42.450    140131.       0.535577E-04   0.382198E-09
   42.500    140130.       0.531583E-04   0.379349E-09
   42.550    140130.       0.527622E-04   0.376522E-09
   42.600    140130.       0.523692E-04   0.373718E-09
   42.650    140130.       0.519794E-04   0.370937E-09
   42.700    140130.       0.515928E-04   0.368178E-09
   42.750    140130.       0.512092E-04   0.365441E-09
   42.800    140130.       0.508287E-04   0.362726E-09
   42.850    140130.       0.504513E-04   0.360032E-09
   42.900    140130.       0.500768E-04   0.357361E-09
   42.950    140130.       0.497054E-04   0.354710E-09
   43.000    140129.       0.493369E-04   0.352081E-09
   43.050    140129.       0.489714E-04   0.349473E-09
   43.100    140129.       0.486088E-04   0.346885E-09
   43.150    140129.       0.482491E-04   0.344319E-09
   43.200    140129.       0.478922E-04   0.341772E-09
   43.250    140129.       0.475382E-04   0.339246E-09
   43.300    140129.       0.471870E-04   0.336740E-09
   43.350    140129.       0.468386E-04   0.334254E-09
   43.400    140129.       0.464930E-04   0.331788E-09
   43.450    140129.       0.461501E-04   0.329341E-09
   43.500    140134.       0.458100E-04   0.326901E-09
   43.550    140134.       0.454725E-04   0.324493E-09
   43.600    140134.       0.451377E-04   0.322104E-09
   43.650    140134.       0.448056E-04   0.319734E-09
   43.700    140134.       0.444761E-04   0.317383E-09
   43.750    140134.       0.441492E-04   0.315050E-09
   43.800    140134.       0.438249E-04   0.312736E-09
   43.850    140134.       0.435032E-04   0.310441E-09
   43.900    140134.       0.431840E-04   0.308163E-09
   43.950    140134.       0.428673E-04   0.305903E-09
   44.000    140133.       0.425531E-04   0.303662E-09
   44.050    140133.       0.422414E-04   0.301438E-09
   44.100    140133.       0.419322E-04   0.299231E-09
   44.150    140133.       0.416254E-04   0.297042E-09
   44.200    140133.       0.413210E-04   0.294870E-09
   44.250    140133.       0.410190E-04   0.292715E-09
   44.300    140133.       0.407194E-04   0.290577E-09
   44.350    140133.       0.404221E-04   0.288456E-09
   44.400    140133.       0.401272E-04   0.286351E-09
   44.450    140133.       0.398346E-04   0.284263E-09
   44.500    140133.       0.395442E-04   0.282192E-09
   44.550    140133.       0.392562E-04   0.280136E-09
   44.600    140132.       0.389704E-04   0.278097E-09
   44.650    140132.       0.386868E-04   0.276074E-09
   44.700    140132.       0.384055E-04   0.274066E-09
   44.750    140132.       0.381264E-04   0.272074E-09
   44.800    140132.       0.378494E-04   0.270098E-09
   44.850    140132.       0.375746E-04   0.268137E-09
   44.900    140132.       0.373020E-04   0.266192E-09
   44.950    140132.       0.370315E-04   0.264262E-09
   45.000    140132.       0.367630E-04   0.262346E-09
   45.050    140132.       0.364967E-04   0.260446E-09
   45.100    140132.       0.362325E-04   0.258560E-09
   45.150    140131.       0.359703E-04   0.256690E-09
   45.200    140131.       0.357101E-04   0.254833E-09
   45.250    140131.       0.354520E-04   0.252991E-09
   45.300    140131.       0.351959E-04   0.251164E-09
   45.350    140131.       0.349417E-04   0.249350E-09
   45.400    140131.       0.346896E-04   0.247551E-09
   45.450    140131.       0.344394E-04   0.245766E-09
   45.500    140131.       0.341911E-04   0.243994E-09
   45.550    140131.       0.339447E-04   0.242236E-09
   45.600    140131.       0.337003E-04   0.240492E-09
   45.650    140136.       0.334577E-04   0.238752E-09
   45.700    140136.       0.332171E-04   0.237035E-09
   45.750    140136.       0.329783E-04   0.235331E-09
   45.800    140136.       0.327413E-04   0.233640E-09
   45.850    140135.       0.325061E-04   0.231962E-09
   45.900    140135.       0.322728E-04   0.230297E-09
   45.950    140135.       0.320413E-04   0.228645E-09
   46.000    140135.       0.318115E-04   0.227006E-09
   46.050    140135.       0.315836E-04   0.225379E-09
   46.100    140135.       0.313573E-04   0.223765E-09
   46.150    140135.       0.311328E-04   0.222163E-09
   46.200    140135.       0.309101E-04   0.220574E-09
   46.250    140135.       0.306890E-04   0.218996E-09
   46.300    140135.       0.304697E-04   0.217431E-09
   46.350    140135.       0.302520E-04   0.215878E-09
   46.400    140135.       0.300360E-04   0.214337E-09
   46.450    140135.       0.298217E-04   0.212807E-09
   46.500    140134.       0.296090E-04   0.211290E-09
   46.550    140134.       0.293979E-04   0.209783E-09
   46.600    140134.       0.291884E-04   0.208289E-09
   46.650    140134.       0.289806E-04   0.206806E-09
   46.700    140134.       0.287743E-04   0.205334E-09
   46.750    140134.       0.285696E-04   0.203873E-09
   46.800    140134.       0.283665E-04   0.202424E-09
   46.850    140134.       0.281649E-04   0.200985E-09
   46.900    140134.       0.279648E-04   0.199558E-09
   46.950    140134.       0.277663E-04   0.198141E-09
   47.000    140134.       0.275693E-04   0.196736E-09
   47.050    140134.       0.273738E-04   0.195341E-09
   47.100    140134.       0.271798E-04   0.193956E-09
   47.150    140133.       0.269872E-04   0.192582E-09
   47.200    140133.       0.267961E-04   0.191219E-09
   47.250    140133.       0.266065E-04   0.189865E-09
   47.300    140133.       0.264183E-04   0.188523E-09
   47.350    140133.       0.262315E-04   0.187190E-09
   47.400    140133.       0.260462E-04   0.185867E-09
   47.450    140133.       0.258622E-04   0.184555E-09
   47.500    140133.       0.256796E-04   0.183252E-09
   47.550    140133.       0.254985E-04   0.181959E-09
   47.600    140133.       0.253187E-04   0.180676E-09
   47.650    140133.       0.251402E-04   0.179403E-09
   47.700    140133.       0.249631E-04   0.178139E-09
   47.750    140133.       0.247874E-04   0.176885E-09
   47.800    140132.       0.246129E-04   0.175640E-09
   47.850    140137.       0.244398E-04   0.174399E-09
   47.900    140137.       0.242680E-04   0.173173E-09
   47.950    140137.       0.240975E-04   0.171957E-09
   48.000    140137.       0.239282E-04   0.170749E-09
   48.050    140137.       0.237603E-04   0.169551E-09
   48.100    140137.       0.235936E-04   0.168361E-09
   48.150    140137.       0.234281E-04   0.167181E-09
   48.200    140137.       0.232639E-04   0.166009E-09
   48.250    140137.       0.231010E-04   0.164846E-09
   48.300    140136.       0.229392E-04   0.163692E-09
   48.350    140136.       0.227787E-04   0.162546E-09
   48.400    140136.       0.226193E-04   0.161410E-09
   48.450    140136.       0.224612E-04   0.160281E-09
   48.500    140136.       0.223043E-04   0.159161E-09
   48.550    140136.       0.221485E-04   0.158050E-09
   48.600    140136.       0.219939E-04   0.156947E-09
   48.650    140136.       0.218404E-04   0.155852E-09
   48.700    140136.       0.216881E-04   0.154765E-09
   48.750    140136.       0.215369E-04   0.153686E-09
   48.800    140136.       0.213869E-04   0.152615E-09
   48.850    140136.       0.212380E-04   0.151553E-09
   48.900    140136.       0.210901E-04   0.150498E-09
   48.950    140136.       0.209434E-04   0.149451E-09
   49.000    140135.       0.207978E-04   0.148412E-09
   49.050    140135.       0.206533E-04   0.147381E-09
   49.100    140135.       0.205098E-04   0.146357E-09
   49.150    140135.       0.203674E-04   0.145341E-09
   49.200    140135.       0.202261E-04   0.144332E-09
   49.250    140135.       0.200858E-04   0.143331E-09
   49.300    140135.       0.199465E-04   0.142338E-09
   49.350    140135.       0.198083E-04   0.141352E-09
   49.400    140135.       0.196711E-04   0.140373E-09
   49.450    140135.       0.195350E-04   0.139401E-09
   49.500    140135.       0.193998E-04   0.138437E-09
   49.550    140135.       0.192656E-04   0.137479E-09
   49.600    140135.       0.191325E-04   0.136529E-09
   49.650    140135.       0.190003E-04   0.135586E-09
   49.700    140135.       0.188691E-04   0.134650E-09
   49.750    140134.       0.187388E-04   0.133720E-09
   49.800    140134.       0.186095E-04   0.132798E-09
   49.850    140134.       0.184812E-04   0.131882E-09
   49.900    140134.       0.183538E-04   0.130973E-09
   49.950    140134.       0.182274E-04   0.130071E-09
   50.000    140138.       0.181019E-04   0.129172E-09
   50.050    140138.       0.179773E-04   0.128283E-09
   50.100    140138.       0.178537E-04   0.127400E-09
   50.150    140138.       0.177309E-04   0.126524E-09
   50.200    140138.       0.176090E-04   0.125655E-09
   50.250    140138.       0.174881E-04   0.124792E-09
   50.300    140138.       0.173680E-04   0.123935E-09
   50.350    140138.       0.172488E-04   0.123085E-09
   50.400    140138.       0.171305E-04   0.122241E-09
   50.450    140138.       0.170131E-04   0.121402E-09
   50.500    140138.       0.168965E-04   0.120571E-09
   50.550    140138.       0.167808E-04   0.119745E-09
   50.600    140138.       0.166659E-04   0.118925E-09
   50.650    140138.       0.165518E-04   0.118111E-09
   50.700    140137.       0.164386E-04   0.117304E-09
   50.750    140137.       0.163262E-04   0.116502E-09
   50.800    140137.       0.162147E-04   0.115706E-09
   50.850    140137.       0.161039E-04   0.114915E-09
   50.900    140137.       0.159940E-04   0.114131E-09
   50.950    140137.       0.158849E-04   0.113352E-09
   51.000    140137.       0.157765E-04   0.112579E-09
   51.050    140137.       0.156690E-04   0.111812E-09
   51.100    140137.       0.155622E-04   0.111050E-09
   51.150    140137.       0.154562E-04   0.110294E-09
   51.200    140137.       0.153510E-04   0.109543E-09
   51.250    140137.       0.152465E-04   0.108798E-09
   51.300    140137.       0.151429E-04   0.108058E-09
   51.350    140137.       0.150399E-04   0.107323E-09
   51.400    140137.       0.149377E-04   0.106594E-09
   51.450    140137.       0.148363E-04   0.105870E-09
   51.500    140136.       0.147356E-04   0.105151E-09
   51.550    140136.       0.146356E-04   0.104438E-09
   51.600    140136.       0.145363E-04   0.103730E-09
   51.650    140136.       0.144378E-04   0.103027E-09
   51.700    140136.       0.143399E-04   0.102329E-09
   51.750    140136.       0.142428E-04   0.101636E-09
   51.800    140136.       0.141464E-04   0.100948E-09
   51.850    140136.       0.140507E-04   0.100265E-09
   51.900    140136.       0.139556E-04   0.995864E-10
   51.950    140136.       0.138613E-04   0.989132E-10
   52.000    140136.       0.137676E-04   0.982449E-10
   52.050    140136.       0.136747E-04   0.975814E-10
   52.100    140136.       0.135823E-04   0.969227E-10
   52.150    140136.       0.134907E-04   0.962687E-10
   52.200    140139.       0.133997E-04   0.956168E-10
   52.250    140139.       0.133094E-04   0.949722E-10
   52.300    140139.       0.132197E-04   0.943323E-10
   52.350    140139.       0.131306E-04   0.936969E-10
   52.400    140139.       0.130422E-04   0.930662E-10
   52.450    140139.       0.129545E-04   0.924399E-10
   52.500    140139.       0.128673E-04   0.918182E-10
   52.550    140139.       0.127808E-04   0.912009E-10
   52.600    140139.       0.126949E-04   0.905880E-10
   52.650    140139.       0.126096E-04   0.899796E-10
   52.700    140139.       0.125250E-04   0.893755E-10
   52.750    140139.       0.124409E-04   0.887757E-10
   52.800    140139.       0.123575E-04   0.881802E-10
   52.850    140139.       0.122746E-04   0.875890E-10
   52.900    140139.       0.121924E-04   0.870020E-10
   52.950    140139.       0.121107E-04   0.864192E-10
   53.000    140139.       0.120296E-04   0.858406E-10
   53.050    140139.       0.119491E-04   0.852661E-10
   53.100    140139.       0.118691E-04   0.846957E-10
   53.150    140138.       0.117898E-04   0.841294E-10
   53.200    140138.       0.117110E-04   0.835671E-10
   53.250    140138.       0.116327E-04   0.830088E-10
   53.300    140138.       0.115550E-04   0.824545E-10
   53.350    140138.       0.114779E-04   0.819041E-10
   53.400    140138.       0.114013E-04   0.813577E-10
   53.450    140138.       0.113253E-04   0.808151E-10
   53.500    140138.       0.112498E-04   0.802764E-10
   53.550    140138.       0.111748E-04   0.797416E-10
   53.600    140138.       0.111004E-04   0.792105E-10
   53.650    140138.       0.110265E-04   0.786832E-10
   53.700    140138.       0.109531E-04   0.781596E-10
   53.750    140138.       0.108803E-04   0.776398E-10
   53.800    140138.       0.108079E-04   0.771236E-10
   53.850    140138.       0.107361E-04   0.766111E-10
   53.900    140138.       0.106648E-04   0.761023E-10
   53.950    140138.       0.105940E-04   0.755970E-10
   54.000    140138.       0.105237E-04   0.750953E-10
   54.050    140138.       0.104539E-04   0.745972E-10
   54.100    140138.       0.103845E-04   0.741026E-10
   54.150    140137.       0.103157E-04   0.736114E-10
   54.200    140137.       0.102474E-04   0.731238E-10
   54.250    140137.       0.101795E-04   0.726396E-10
   54.300    140137.       0.101121E-04   0.721588E-10
   54.350    140141.       0.100452E-04   0.716795E-10
   54.400    140141.       0.997879E-05   0.712055E-10
   54.450    140141.       0.991282E-05   0.707348E-10
   54.500    140141.       0.984732E-05   0.702674E-10
   54.550    140141.       0.978228E-05   0.698033E-10
   54.600    140141.       0.971770E-05   0.693425E-10
   54.650    140141.       0.965357E-05   0.688849E-10
   54.700    140140.       0.958989E-05   0.684306E-10
   54.750    140140.       0.952666E-05   0.679794E-10
   54.800    140140.       0.946387E-05   0.675314E-10
   54.850    140140.       0.940153E-05   0.670865E-10
   54.900    140140.       0.933962E-05   0.666448E-10
   54.950    140140.       0.927814E-05   0.662061E-10
   55.000    140140.       0.921710E-05   0.657705E-10
   55.050    140140.       0.915648E-05   0.653380E-10
   55.100    140140.       0.909629E-05   0.649085E-10
   55.150    140140.       0.903652E-05   0.644820E-10
   55.200    140140.       0.897717E-05   0.640585E-10
   55.250    140140.       0.891823E-05   0.636380E-10
   55.300    140140.       0.885970E-05   0.632204E-10
   55.350    140140.       0.880159E-05   0.628057E-10
   55.400    140140.       0.874388E-05   0.623939E-10
   55.450    140140.       0.868657E-05   0.619850E-10
   55.500    140140.       0.862966E-05   0.615789E-10
   55.550    140140.       0.857315E-05   0.611757E-10
   55.600    140140.       0.851703E-05   0.607753E-10
   55.650    140140.       0.846131E-05   0.603777E-10
   55.700    140140.       0.840597E-05   0.599828E-10
   55.750    140140.       0.835101E-05   0.595907E-10
   55.800    140140.       0.829644E-05   0.592013E-10
   55.850    140140.       0.824225E-05   0.588146E-10
   55.900    140139.       0.818844E-05   0.584306E-10
   55.950    140139.       0.813500E-05   0.580493E-10
   56.000    140139.       0.808193E-05   0.576706E-10
   56.050    140139.       0.802923E-05   0.572946E-10
   56.100    140139.       0.797689E-05   0.569211E-10
   56.150    140139.       0.792492E-05   0.565503E-10
   56.200    140139.       0.787330E-05   0.561820E-10
   56.250    140139.       0.782205E-05   0.558163E-10
   56.300    140139.       0.777115E-05   0.554531E-10
   56.350    140139.       0.772060E-05   0.550924E-10
   56.400    140139.       0.767040E-05   0.547342E-10
   56.450    140139.       0.762055E-05   0.543785E-10
   56.500    140139.       0.757105E-05   0.540253E-10
   56.550    140142.       0.752188E-05   0.536732E-10
   56.600    140142.       0.747306E-05   0.533248E-10
   56.650    140142.       0.742457E-05   0.529789E-10
   56.700    140142.       0.737642E-05   0.526353E-10
   56.750    140142.       0.732860E-05   0.522941E-10
   56.800    140142.       0.728111E-05   0.519552E-10
   56.850    140142.       0.723394E-05   0.516187E-10
   56.900    140142.       0.718710E-05   0.512844E-10
   56.950    140142.       0.714059E-05   0.509525E-10
   57.000    140142.       0.709439E-05   0.506229E-10
   57.050    140142.       0.704851E-05   0.502955E-10
   57.100    140142.       0.700295E-05   0.499704E-10
   57.150    140142.       0.695770E-05   0.496475E-10
   57.200    140142.       0.691276E-05   0.493269E-10
   57.250    140142.       0.686813E-05   0.490084E-10
   57.300    140142.       0.682380E-05   0.486922E-10
   57.350    140142.       0.677978E-05   0.483780E-10
   57.400    140142.       0.673607E-05   0.480661E-10
   57.450    140142.       0.669265E-05   0.477563E-10
   57.500    140142.       0.664953E-05   0.474486E-10
   57.550    140142.       0.660670E-05   0.471430E-10
   57.600    140142.       0.656417E-05   0.468395E-10
   57.650    140142.       0.652192E-05   0.465381E-10
   57.700    140142.       0.647997E-05   0.462388E-10
   57.750    140142.       0.643830E-05   0.459414E-10
   57.800    140142.       0.639692E-05   0.456462E-10
   57.850    140141.       0.635582E-05   0.453529E-10
   57.900    140141.       0.631500E-05   0.450616E-10
   57.950    140141.       0.627446E-05   0.447724E-10
   58.000    140141.       0.623420E-05   0.444851E-10
   58.050    140141.       0.619421E-05   0.441997E-10
   58.100    140141.       0.615450E-05   0.439163E-10
   58.150    140141.       0.611505E-05   0.436349E-10
   58.200    140141.       0.607587E-05   0.433553E-10
   58.250    140141.       0.603696E-05   0.430777E-10
   58.300    140141.       0.599831E-05   0.428019E-10
   58.350    140141.       0.595993E-05   0.425280E-10
   58.400    140141.       0.592181E-05   0.422560E-10
   58.450    140141.       0.588395E-05   0.419858E-10
   58.500    140141.       0.584634E-05   0.417175E-10
   58.550    140141.       0.580899E-05   0.414510E-10
   58.600    140141.       0.577189E-05   0.411863E-10
   58.650    140141.       0.573504E-05   0.409234E-10
   58.700    140144.       0.569845E-05   0.406613E-10
   58.750    140144.       0.566210E-05   0.404020E-10
   58.800    140144.       0.562600E-05   0.401444E-10
   58.850    140144.       0.559014E-05   0.398885E-10
   58.900    140144.       0.555452E-05   0.396344E-10
   58.950    140144.       0.551915E-05   0.393820E-10
   59.000    140144.       0.548401E-05   0.391313E-10
   59.050    140144.       0.544912E-05   0.388823E-10
   59.100    140144.       0.541446E-05   0.386349E-10
   59.150    140144.       0.538003E-05   0.383893E-10
   59.200    140144.       0.534583E-05   0.381453E-10
   59.250    140144.       0.531187E-05   0.379029E-10
   59.300    140144.       0.527813E-05   0.376622E-10
   59.350    140144.       0.524462E-05   0.374231E-10
   59.400    140144.       0.521134E-05   0.371856E-10
   59.450    140144.       0.517828E-05   0.369497E-10
   59.500    140144.       0.514545E-05   0.367154E-10
   59.550    140144.       0.511283E-05   0.364827E-10
   59.600    140144.       0.508044E-05   0.362516E-10
   59.650    140144.       0.504826E-05   0.360220E-10
   59.700    140144.       0.501630E-05   0.357939E-10
   59.750    140144.       0.498455E-05   0.355674E-10
   59.800    140144.       0.495302E-05   0.353424E-10
   59.850    140144.       0.492170E-05   0.351189E-10
   59.900    140144.       0.489058E-05   0.348969E-10
   59.950    140144.       0.485968E-05   0.346764E-10
 &
